5.000000000000000000e-01 1.000000000000000000e+00 0.000000000000000000e+00 5.000000000000000000e-01
5.882544325523975104e-01 9.009098959212142876e-01 1.748195130563942878e-01 3.050605952108895180e-01
7.486387029324559350e-01 9.456273983603571409e-01 2.617949769549049455e-01 4.980982713159981534e-02
8.774496287342606893e-01 8.671722189173196593e-01 1.620068642544547910e-01 1.570027773725765630e-01
7.905337966787794324e-01 6.489084139231322546e-01 1.523585160271508643e-01 3.097697054447256515e-01
8.376772279536096599e-01 9.860948092393574393e-01 1.304241796147426191e-01 6.067603081982213542e-01
6.206412917356092240e-01 3.861725414390870803e-01 4.802475870217080001e-01 3.476157961673653207e-01
8.573692975649112036e-01 3.357096541999817774e-01 9.624791793815062890e-02 2.449272460518447936e-02
5.748273977583239214e-01 2.117889178092103308e-01 5.191857186539139413e-01 1.867938100201605445e-01
7.626021538566281066e-01 6.171190784581521704e-01 5.411997148300260463e-01 3.815547728121609916e-01
8.034918722064896546e-01 6.863385693126539122e-01 6.618828974911876717e-01 2.602202981519965430e-01
9.690509458591665126e-01 9.101569963030686772e-01 4.662162587339870323e-01 3.302153690340318692e-01
5.257881657276909371e-01 8.617547167450936296e-01 5.066703139571698822e-02 1.270172153637374735e-01
5.023547634555741714e-01 7.955517154206245278e-01 2.150563129503026694e-01 3.735165360048926519e-01
6.020528594853824522e-01 8.931963150401178719e-01 1.918336210040310075e-01 6.195005324301582350e-01
8.480774857109137921e-01 8.993686318591944673e-01 2.554237258921638887e-01 4.678686561354188922e-01
5.788160157663315708e-01 7.020039124058847779e-01 7.035376837834614872e-01 5.615466110643608788e-01
6.846626569885301272e-01 8.981495737018380110e-01 4.599912082274695280e-01 5.280577302350790703e-01
6.383243931924640346e-01 4.209802667799980025e-01 5.455285852834511617e-01 2.514527115721957307e-01
9.360234675399019544e-01 7.255803678553136571e-01 2.393609689969320997e-01 3.443275005487631546e-01
8.368694677945527349e-01 8.301111906925414674e-01 2.437741980078818038e-01 5.904675481954730909e-01
5.869720212799478531e-01 8.139077959519284144e-01 1.706136251982330876e-01 5.444031496659520464e-01
6.366456388048586934e-01 7.189425474597452848e-01 2.707779422675844483e-01 5.847698762732570499e-01
7.990359675078898549e-01 7.770386230378230064e-01 1.019335985002312039e-01 7.285493550622013093e-01
9.970976352664888687e-01 5.015925531730436315e-01 9.534724653093094859e-02 3.859359854479846308e-01
7.402916104078953730e-01 2.301623332288159629e-01 2.274144615365340516e-01 1.489137549638900049e-01
9.535502522959640181e-01 4.167953109051262817e-01 1.797010046897926372e-01 1.837359747024878143e-01
6.585177872580975089e-01 3.953936264809397860e-01 8.392763934217581934e-01 3.472595369355019890e-01
6.707256077961698537e-01 2.956136544414623146e-01 8.710354867741392226e-01 1.872212437574322930e-01
7.611963040974287775e-01 4.534649608845249258e-01 8.217165729272203345e-01 1.841239890994532669e-01
8.985611833905678969e-01 5.380931735319917086e-01 6.738238517885498657e-01 2.267277611164445483e-01
7.507811963728447946e-01 4.373734811968971181e-01 3.809256719046656414e-01 2.886104326949826548e-01
7.086690962376253067e-01 3.838835085928200552e-01 4.191575330536760902e-01 5.985986514205482445e-02
8.385797299119590598e-01 6.791187712999202652e-01 4.727572763498388841e-01 3.943284909511184377e-01
8.066106660544973828e-01 8.300993351174477120e-01 3.925368122183611752e-01 3.943731557312639135e-01
6.207227891110692619e-01 6.144618425076905366e-01 7.260880313403889064e-01 8.438933465594256056e-02
6.757627930572107644e-01 7.401952289410236308e-01 5.306156805928801123e-01 4.978822405290272285e-02
8.327847529061180865e-01 5.128713978799428475e-01 4.287319989178675628e-01 9.383271827314923486e-02
9.735748607476757410e-01 2.729557106548517464e-01 5.343082117549436960e-01 3.527058971897690381e-02
8.246686836383934072e-01 6.411159972525737327e-01 6.407905687712158738e-01 5.101137296492577050e-02
5.534224735975497023e-01 3.199993003544246983e-01 6.215872842927078201e-01 2.735000079297070577e-02
9.268408736397066860e-01 6.562591466532143869e-01 6.709805956629594226e-01 3.330629517846442345e-01
5.747503358156536013e-01 4.048768131965125860e-01 2.249680101856124104e-01 3.702791266667648240e-01
5.977473682462849380e-01 7.298440642720751548e-01 1.637197416879963008e-01 3.540362619295024937e-01
6.704250556190407551e-01 9.894236639263334077e-01 1.600001665182446131e-02 3.909962913487655123e-01
8.747490222628185874e-01 8.209615808126096148e-01 8.795121372120286163e-02 3.954727382568621330e-01
8.379782306189602625e-01 1.726142023310724971e-01 4.968378964178443713e-01 6.625888811930646938e-02
8.778320257149662131e-01 4.058162226060537670e-01 5.962904633315521119e-01 1.305235170575343995e-01
5.130019874175724137e-01 2.708411159084475051e-01 2.841102626194042524e-01 2.479922499713437256e-01
7.192442884038668938e-01 2.666589600233125745e-01 6.233321162137634985e-01 2.544772265726977234e-01
6.186828158846995329e-01 3.151272748273976076e-01 3.182855799246362416e-01 1.925285548897276433e-01
8.168537537114692881e-01 9.754478131011207198e-02 9.827901595147173208e-02 3.786607498053976006e-02
9.786690529926694859e-01 4.099690795429414281e-01 1.502357557421236944e-02 1.316431027272761123e-01
6.284826225879346362e-01 5.036870616389910182e-01 5.323450793063201347e-01 2.138856568499213906e-01
9.305867609602763713e-01 6.517377012183165341e-01 2.298224920708597518e-01 7.049968681465992870e-02
9.177083643693056958e-01 6.208894123300321422e-01 9.427992547473132423e-02 5.587936286390855767e-02
9.175991176694450191e-01 6.860154803005088509e-01 2.660632702832821384e-02 1.867491053870401485e-01
9.259994800969003625e-01 8.727481718336180805e-01 7.871050102367974088e-02 2.290582604257179189e-01
8.172792482167192674e-01 9.256904678285465815e-01 4.567389957123607624e-03 1.084052987350348080e-01
6.353302256805707371e-01 9.349118150506493530e-01 3.309298459279647053e-01 2.362036845266684559e-01
7.275376214288116206e-01 6.644911107797777383e-01 3.454470055235356329e-01 3.787435221218879988e-01
5.883010936336794394e-01 5.891491080139272807e-01 4.819009232002071097e-01 3.900891970402150521e-01
9.461582739777676387e-01 4.644381020899644996e-01 6.414728688897595177e-01 4.144521547006251305e-01
8.403868426177697470e-01 4.457660494407419405e-01 5.312785263931401047e-01 2.768273275253322341e-01
6.882010635701281132e-01 3.911816796512238570e-01 4.150212988858915097e-01 1.385050623725855856e-01
7.878282334497762607e-01 1.789725086394642617e-01 5.893221977351903451e-01 1.771765593690461382e-01
7.870413508256218771e-01 2.583917921500656911e-01 3.882399381954693696e-01 2.658786943399160663e-02
8.190941335903100251e-01 1.961099562612001190e-01 1.625790678434715086e-01 7.181803418552898388e-02
8.146098160630306229e-01 2.455357916449152356e-01 1.973216865560092625e-01 5.798245355804961670e-02
5.897416047825585483e-01 4.826679427065145300e-01 1.556330773569175319e-01 2.148294187410296208e-01
5.690129715993652582e-01 6.780767446538042975e-01 2.863119210283296967e-01 1.174676999001373345e-01
5.522825547346261743e-01 5.720652852596247451e-01 2.799535446004632888e-01 2.875739148319086946e-01
5.055339082753862456e-01 4.206119573302209425e-01 3.925736399395658993e-01 9.315252546585128801e-02
5.653549843935614660e-01 7.457070904155901347e-01 4.420554963483088740e-01 1.505509855443540324e-01
6.361230902520417230e-01 5.017341065927831689e-01 7.238291469346015417e-01 2.163259518516102431e-01
7.019774586064445598e-01 8.923904414571759425e-01 4.151823575499695718e-01 1.356497165771870517e-01
5.239414329001846893e-01 6.937084390165724201e-01 3.796390507234280176e-01 1.349792871990505849e-02
6.390810603510562737e-01 9.370393178258613620e-01 4.594623313966204048e-01 9.008178197404555221e-02
6.668347844653841339e-01 2.896976082255132701e-01 6.985028127678343246e-01 9.646537193294062174e-02
5.624976552662767082e-01 4.255220261741677334e-01 4.251258340326753982e-01 2.471386761876981364e-01
9.260296512504648803e-01 7.200991348535075165e-01 5.231057039480446758e-01 4.075329317674283303e-01
8.383535092046889847e-01 6.245423389255616575e-01 7.906345152826659284e-01 5.728168289007885550e-01
9.657967805592478916e-01 3.794729196429778018e-01 8.737920498447658835e-01 3.424184869682017074e-01
9.632834009894294391e-01 4.934116301356537004e-01 7.064606873145725663e-01 4.574788040916570320e-01
9.886653876400920415e-01 2.809169373098262534e-01 1.630002286900650299e-01 1.189778542016261542e-01
7.326147790315262753e-01 2.320002483473195820e-01 5.265849464776908850e-02 9.458548611681905083e-02
7.353349234020588598e-01 4.041174683276986812e-01 9.914494110982785546e-02 1.020569330095747324e-01
8.640768888948850979e-01 5.088299297229378348e-01 1.658322312077571969e-01 1.701780627943041413e-01
6.851442909035979634e-01 4.323703570993823742e-01 1.024958465236565641e-01 6.358366972832889263e-02
6.993061941121250236e-01 3.983006304142250875e-01 3.186560560904976858e-01 2.114731758688957047e-02
8.055869902408187011e-01 4.147786753295121254e-01 1.933873550784151740e-01 5.394801132037476549e-02
7.322328720495859811e-01 5.413718166661870557e-01 1.286532604613496167e-01 8.616794952913851835e-02
5.342117637000570740e-01 1.767433930624445759e-01 5.382195635880057116e-01 2.897834431577914899e-02
7.309144585768947433e-01 5.350027280403901742e-01 4.842646791610508150e-01 9.075884911204359917e-02
6.239812591417395193e-01 6.090863825777904639e-01 7.226608013945378106e-01 1.904507737372696241e-01
6.351078716408388170e-01 5.503789071198068594e-01 7.285141803041845776e-01 2.141335923975608291e-01
6.005814813851910738e-01 5.876463877405859737e-01 6.591457082524753153e-01 3.161958206913728642e-03
7.769815408990791150e-01 7.499959229481479861e-01 3.123519871554907845e-01 1.033538814469508876e-01
7.389279159486499271e-01 7.463543169757578255e-01 1.213891890859651046e-01 3.332365133435628013e-01
9.668119703228866824e-01 4.645190806111883508e-01 1.898309875287231274e-01 3.721327795869435739e-01
8.889062665998709312e-01 8.670919776587385774e-01 2.797963619340122499e-01 3.826753529960566502e-01
