2.411960219300665620e-03 3.388722314296097604e-01 6.059409039336105529e-01 3.533721556742655534e-02
2.411960219300665620e-03 3.388722314296097604e-01 6.059409039336105529e-01 3.533721556742655534e-02
2.411960219300665620e-03 2.567772767121698774e-01 5.722720441089652610e-01 3.533721556742655534e-02
2.411960219300665620e-03 3.388722314296097604e-01 5.858030918800798403e-01 3.533721556742655534e-02
2.411960219300665620e-03 3.388722314296097604e-01 5.722720441089652610e-01 3.533721556742655534e-02
2.411960219300665620e-03 2.567772767121698774e-01 5.722720441089652610e-01 3.533721556742655534e-02
2.411960219300665620e-03 3.205228739974027574e-01 6.053731038484322369e-01 3.625637299613508613e-02
2.411960219300665620e-03 3.205228739974027574e-01 6.053731038484322369e-01 3.462434114493590648e-02
2.411960219300665620e-03 3.205228739974027574e-01 6.053731038484322369e-01 3.625637299613508613e-02
2.411960219300665620e-03 3.388722314296097604e-01 6.177245015019827701e-01 3.533721556742655534e-02
2.411960219300665620e-03 2.741058366309618854e-01 6.198882910393743728e-01 3.533721556742655534e-02
2.411960219300665620e-03 2.741058366309618854e-01 6.154801044217597106e-01 3.533721556742655534e-02
2.411960219300665620e-03 2.741058366309618854e-01 5.597152673843783788e-01 3.533721556742655534e-02
2.411960219300665620e-03 2.741058366309618854e-01 6.198882910393743728e-01 3.533721556742655534e-02
2.411960219300665620e-03 3.080530951428446795e-01 6.177245015019827701e-01 3.998344057733253104e-02
2.411960219300665620e-03 2.741058366309618854e-01 6.177245015019827701e-01 3.998344057733253104e-02
2.411960219300665620e-03 3.080530951428446795e-01 6.177245015019827701e-01 3.998344057733253104e-02
2.411960219300665620e-03 2.844292400299805457e-01 5.801781060970635506e-01 3.599411070853231892e-02
2.411960219300665620e-03 2.844292400299805457e-01 5.801781060970635506e-01 3.599411070853231892e-02
3.934545575939269596e-02 2.653536137099865577e-01 5.910761159925694841e-01 3.798644913188464756e-02
2.266871194461062347e-02 2.653536137099865577e-01 5.574896958899926425e-01 3.798644913188464756e-02
7.318448819849820985e-02 2.653536137099865577e-01 5.574896958899926425e-01 3.798644913188464756e-02
3.934545575939269596e-02 2.653536137099865577e-01 5.574896958899926425e-01 3.798644913188464756e-02
3.934545575939269596e-02 2.653536137099865577e-01 5.910761159925694841e-01 3.798644913188464756e-02
2.411960219300665620e-03 2.653536137099865577e-01 5.255958736572949874e-01 3.183178572086187152e-02
2.411960219300665620e-03 2.653536137099865577e-01 5.255958736572949874e-01 3.798644913188464756e-02
2.411960219300665620e-03 2.653536137099865577e-01 5.255958736572949874e-01 3.511033935704066522e-02
2.411960219300665620e-03 2.653536137099865577e-01 5.255958736572949874e-01 3.183178572086187152e-02
2.411960219300665620e-03 2.108445462004232551e-01 7.108184729719665418e-01 2.523252538796054087e-02
2.411960219300665620e-03 2.108445462004232551e-01 6.717814297297970416e-01 2.523252538796054087e-02
2.411960219300665620e-03 2.108445462004232551e-01 7.108184729719665418e-01 2.523252538796054087e-02
2.411960219300665620e-03 2.108445462004232551e-01 6.717814297297970416e-01 2.812014168524243005e-02
2.411960219300665620e-03 2.108445462004232551e-01 6.717814297297970416e-01 2.495511667736153086e-02
2.411960219300665620e-03 2.108445462004232551e-01 6.717814297297970416e-01 2.812014168524243005e-02
2.411960219300665620e-03 2.879585948883388591e-01 6.525890131913283376e-01 3.891815403719410538e-02
2.411960219300665620e-03 2.879585948883388591e-01 6.525890131913283376e-01 3.891815403719410538e-02
1.060388637833071801e-01 1.417223433973591740e-01 5.782898668400413555e-01 3.480133897489334077e-02
8.438158094712779056e-02 2.215090942963461595e-01 5.782898668400413555e-01 3.291565008589734248e-02
8.438158094712779056e-02 1.417223433973591740e-01 5.782898668400413555e-01 3.291565008589734248e-02
1.060388637833071801e-01 1.417223433973591740e-01 5.782898668400413555e-01 3.291565008589734248e-02
1.060388637833071801e-01 1.417223433973591740e-01 5.782898668400413555e-01 3.480133897489334077e-02
2.129500793249086352e-02 1.949754992019214761e-01 6.906638195578422845e-01 2.439642419307936835e-02
2.129500793249086352e-02 1.949754992019214761e-01 6.906638195578422845e-01 2.329578310613558342e-02
2.129500793249086352e-02 1.949754992019214761e-01 6.906638195578422845e-01 2.439642419307936835e-02
2.411960219300665620e-03 2.092422005076797764e-01 5.261755226524428286e-01 2.624750122229115717e-02
2.411960219300665620e-03 2.092422005076797764e-01 5.261755226524428286e-01 2.175244121293783486e-02
2.411960219300665620e-03 2.092422005076797764e-01 5.261755226524428286e-01 2.624750122229115717e-02
2.411960219300665620e-03 1.948675705732874630e-01 5.444389494309211930e-01 2.083371664394862571e-02
2.411960219300665620e-03 1.948675705732874630e-01 5.444389494309211930e-01 2.083371664394862571e-02
2.411960219300665620e-03 1.987896493442998236e-01 5.338156183326517867e-01 2.083371664394862571e-02
2.411960219300665620e-03 1.987896493442998236e-01 5.338156183326517867e-01 2.083371664394862571e-02
2.411960219300665620e-03 1.918878356105430671e-01 7.068802322477361066e-01 2.210853965685657604e-02
2.411960219300665620e-03 1.918878356105430671e-01 6.578063628997792289e-01 2.328239150091491322e-02
2.411960219300665620e-03 1.918878356105430671e-01 6.578063628997792289e-01 2.210853965685657604e-02
2.411960219300665620e-03 1.918878356105430671e-01 7.068802322477361066e-01 2.210853965685657604e-02
2.411960219300665620e-03 1.865933700456757494e-01 6.279560705449712676e-01 2.328239150091491322e-02
2.411960219300665620e-03 1.865933700456757494e-01 5.433162697846791733e-01 2.328239150091491322e-02
2.411960219300665620e-03 1.865933700456757494e-01 5.861932464885551974e-01 2.328239150091491322e-02
2.411960219300665620e-03 1.865933700456757494e-01 6.279560705449712676e-01 2.328239150091491322e-02
1.649109153434232533e-01 1.435927853677372856e-01 6.430322461495835418e-01 3.647200098377016003e-02
1.649109153434232533e-01 1.435927853677372856e-01 6.430322461495835418e-01 3.647200098377016003e-02
1.769292206005260160e-01 1.018533086239616081e-01 6.631011000750397510e-01 3.904907094494018682e-02
1.769292206005260160e-01 1.018533086239616081e-01 6.631011000750397510e-01 3.904907094494018682e-02
9.436378452642418813e-02 2.723728046878655107e-01 5.859000253605760600e-01 4.735537884073587334e-02
9.436378452642418813e-02 2.284080135030939207e-01 5.859000253605760600e-01 4.735537884073587334e-02
9.436378452642418813e-02 2.723728046878655107e-01 5.859000253605760600e-01 4.735537884073587334e-02
7.993733941950867394e-03 2.605946441637437827e-01 5.344832279358656679e-01 3.694681796593160539e-02
6.907852766216969476e-02 2.605946441637437827e-01 5.344832279358656679e-01 3.694681796593160539e-02
7.993733941950867394e-03 2.605946441637437827e-01 5.344832279358656679e-01 3.694681796593160539e-02
6.907852766216969476e-02 2.178554012216264713e-01 5.699288797441435239e-01 3.511368328758547597e-02
6.907852766216969476e-02 2.178554012216264713e-01 5.730406915876451457e-01 3.511368328758547597e-02
6.907852766216969476e-02 2.178554012216264713e-01 6.160437289879135969e-01 3.511368328758547597e-02
6.907852766216969476e-02 2.178554012216264713e-01 6.269722269708524198e-01 3.511368328758547597e-02
6.907852766216969476e-02 2.178554012216264713e-01 5.699288797441435239e-01 3.511368328758547597e-02
3.884414427999095115e-02 2.038640011495146953e-01 6.289123688982987126e-01 3.341258347522763766e-02
8.506223627451056646e-02 2.038640011495146953e-01 6.649640310286386580e-01 3.341258347522763766e-02
8.506223627451056646e-02 2.038640011495146953e-01 6.289123688982987126e-01 3.341258347522763766e-02
3.884414427999095115e-02 2.038640011495146953e-01 6.289123688982987126e-01 3.341258347522763766e-02
8.099794301782077544e-02 2.643807172885680457e-01 6.075154510707386768e-01 4.313820844957549222e-02
7.132236926646574882e-02 2.643807172885680457e-01 6.075154510707386768e-01 4.313820844957549222e-02
8.099794301782077544e-02 2.643807172885680457e-01 6.075154510707386768e-01 4.313820844957549222e-02
6.602319938662346011e-02 2.643807172885680457e-01 6.028676252038115413e-01 4.313820844957549222e-02
6.602319938662346011e-02 2.643807172885680457e-01 6.056831722028971354e-01 4.313820844957549222e-02
6.602319938662346011e-02 2.643807172885680457e-01 5.745851970372040096e-01 4.313820844957549222e-02
6.602319938662346011e-02 2.643807172885680457e-01 6.028676252038115413e-01 4.313820844957549222e-02
4.575339773240087726e-03 3.028836605357027589e-01 5.946306426439438297e-01 3.277319062019644347e-02
5.225292767602762734e-02 3.028836605357027589e-01 5.858870556437943966e-01 4.105223495080754376e-02
4.575339773240087726e-03 3.028836605357027589e-01 5.858870556437943966e-01 4.105223495080754376e-02
4.575339773240087726e-03 3.028836605357027589e-01 5.946306426439438297e-01 4.105223495080754376e-02
4.575339773240087726e-03 3.028836605357027589e-01 5.946306426439438297e-01 3.277319062019644347e-02
2.633176428916423478e-02 2.977093405035785567e-01 5.802420439381805739e-01 3.633460853206594426e-02
5.225292767602762734e-02 2.977093405035785567e-01 5.802420439381805739e-01 3.633460853206594426e-02
2.633176428916423478e-02 2.977093405035785567e-01 5.802420439381805739e-01 3.633460853206594426e-02
4.157180184107102383e-02 2.335875419623126004e-01 6.133598846430846629e-01 3.646286103201407114e-02
4.157180184107102383e-02 2.335875419623126004e-01 5.608342765866640711e-01 3.845719287183150398e-02
4.157180184107102383e-02 2.335875419623126004e-01 5.608342765866640711e-01 3.646286103201407114e-02
4.157180184107102383e-02 2.335875419623126004e-01 6.133598846430846629e-01 3.646286103201407114e-02
2.475597612033119538e-02 2.510953831726251972e-01 6.093960321397519087e-01 3.469337596387973149e-02
2.475597612033119538e-02 2.524946385535304927e-01 6.093960321397519087e-01 3.469337596387973149e-02
2.475597612033119538e-02 2.510953831726251972e-01 6.093960321397519087e-01 3.469337596387973149e-02
2.018589050831638421e-01 2.725199759741400718e-02 5.441500143495122677e-01 3.310259870352152967e-02
2.018589050831638421e-01 2.725199759741400718e-02 5.075753913033342890e-01 3.310259870352152967e-02
2.018589050831638421e-01 2.725199759741400718e-02 5.441500143495122677e-01 3.310259870352152967e-02
2.017714757155086025e-01 1.372621036990204213e-01 5.140714670926370689e-01 3.640234534203533323e-02
2.017714757155086025e-01 1.372621036990204213e-01 5.190358563348266285e-01 3.640234534203533323e-02
2.017714757155086025e-01 1.372621036990204213e-01 5.140714670926370689e-01 3.640234534203533323e-02
1.883886957944761187e-01 5.254848087434184356e-03 6.153338795978888776e-01 2.027707731429665913e-02
1.883886957944761187e-01 5.254848087434184356e-03 6.304315231255640528e-01 2.421075585515521100e-02
1.883886957944761187e-01 5.254848087434184356e-03 6.304315231255640528e-01 2.027707731429665913e-02
1.883886957944761187e-01 5.254848087434184356e-03 6.153338795978888776e-01 2.027707731429665913e-02
1.957903818868862444e-01 4.772657335930027833e-02 6.445442700943719849e-01 3.071779879721467030e-02
1.883886957944761187e-01 4.772657335930027833e-02 5.371999159753572117e-01 2.950780124734982135e-02
1.883886957944761187e-01 4.772657335930027833e-02 6.445442700943719849e-01 2.950780124734982135e-02
1.957903818868862444e-01 4.772657335930027833e-02 6.445442700943719849e-01 2.950780124734982135e-02
1.957903818868862444e-01 4.772657335930027833e-02 6.445442700943719849e-01 3.071779879721467030e-02
1.532352779463364567e-01 1.248636069944306370e-01 5.907739229346021803e-01 3.572719007278699066e-02
1.532352779463364567e-01 1.248636069944306370e-01 6.263827102002019753e-01 4.046271438520627345e-02
1.532352779463364567e-01 1.248636069944306370e-01 6.263827102002019753e-01 3.572719007278699066e-02
1.532352779463364567e-01 1.248636069944306370e-01 5.907739229346021803e-01 3.572719007278699066e-02
1.538077020317973331e-01 1.170709458390750690e-01 5.382418498416252639e-01 3.207937795352928945e-02
1.538077020317973331e-01 1.170709458390750690e-01 5.108079081274958799e-01 3.207937795352928945e-02
1.538077020317973331e-01 1.170709458390750690e-01 5.382418498416252639e-01 3.207937795352928945e-02
1.367723067048959851e-01 9.667904952847861111e-02 5.398646255359644819e-01 2.426745558845760931e-02
1.367723067048959851e-01 9.667904952847861111e-02 5.398646255359644819e-01 3.170269507084681748e-02
1.367723067048959851e-01 9.667904952847861111e-02 5.398646255359644819e-01 2.747945747701329225e-02
1.367723067048959851e-01 9.667904952847861111e-02 5.398646255359644819e-01 2.426745558845760931e-02
1.612664182927115997e-01 5.777556360525630541e-02 5.336496134489437937e-01 2.669970970048705580e-02
1.612664182927115997e-01 5.777556360525630541e-02 5.217356473849986687e-01 3.170269507084681748e-02
1.612664182927115997e-01 5.777556360525630541e-02 5.217356473849986687e-01 2.669970970048705580e-02
1.612664182927115997e-01 5.777556360525630541e-02 5.336496134489437937e-01 2.669970970048705580e-02
2.061829987023125477e-01 3.895603146041819176e-02 6.605088762382581580e-01 2.638098043686641636e-02
2.061829987023125477e-01 3.895603146041819176e-02 6.599911656169061835e-01 3.656462142545501004e-02
2.061829987023125477e-01 3.895603146041819176e-02 6.605088762382581580e-01 3.656462142545501004e-02
2.061829987023125477e-01 3.895603146041819176e-02 6.605088762382581580e-01 2.638098043686641636e-02
2.061829987023125477e-01 4.652419616372110989e-02 6.526002125166348034e-01 3.752974510995524260e-02
2.061829987023125477e-01 4.652419616372110989e-02 6.526002125166348034e-01 3.656462142545501004e-02
2.061829987023125477e-01 4.652419616372110989e-02 6.526002125166348034e-01 3.752974510995524260e-02
2.053446306060744131e-01 4.016950318967696908e-03 5.449219698015227431e-01 2.816753831586123885e-02
1.935208881716800333e-01 4.016950318967696908e-03 5.155133759048929898e-01 2.816753831586123885e-02
2.053446306060744131e-01 4.016950318967696908e-03 5.155133759048929898e-01 2.816753831586123885e-02
2.053446306060744131e-01 4.016950318967696908e-03 5.449219698015227431e-01 2.816753831586123885e-02
1.406544763311163848e-01 1.354195373202736197e-01 5.113115056028232353e-01 3.738570302534437867e-02
1.653723976065873680e-01 8.756258691539398065e-02 5.113115056028232353e-01 3.552826168430618659e-02
1.653723976065873680e-01 1.354195373202736197e-01 5.113115056028232353e-01 3.552826168430618659e-02
1.653723976065873680e-01 1.354195373202736197e-01 5.113115056028232353e-01 3.738570302534437867e-02
1.406544763311163848e-01 1.354195373202736197e-01 5.113115056028232353e-01 3.738570302534437867e-02
1.814285139359588794e-01 3.822050042861179636e-02 6.300365880476185287e-01 2.850649379271232020e-02
1.814285139359588794e-01 5.846977803791679473e-02 6.007993913353926185e-01 2.850649379271232020e-02
1.814285139359588794e-01 3.822050042861179636e-02 6.007993913353926185e-01 2.850649379271232020e-02
1.814285139359588794e-01 3.822050042861179636e-02 6.300365880476185287e-01 2.850649379271232020e-02
1.663834408520887542e-01 8.313475699521731543e-02 6.675267061436895855e-01 3.327496787623851482e-02
1.663834408520887542e-01 9.963853502428318687e-02 6.675267061436895855e-01 3.364628707339154673e-02
1.663834408520887542e-01 9.963853502428318687e-02 6.675267061436895855e-01 3.327496787623851482e-02
1.663834408520887542e-01 8.313475699521731543e-02 6.675267061436895855e-01 3.327496787623851482e-02
7.212586229143663763e-02 1.111300124560886671e-01 6.914751514131683985e-01 2.129117811625344872e-02
7.212586229143663763e-02 1.111300124560886671e-01 6.978926625642556392e-01 2.129117811625344872e-02
7.212586229143663763e-02 1.111300124560886671e-01 6.914751514131683985e-01 2.129117811625344872e-02
7.212586229143663763e-02 1.334370556940506769e-01 5.589645889817989044e-01 2.676408503719616971e-02
7.212586229143663763e-02 1.334370556940506769e-01 5.936115900282961100e-01 2.676408503719616971e-02
7.212586229143663763e-02 1.334370556940506769e-01 6.061342447069061334e-01 2.676408503719616971e-02
7.212586229143663763e-02 1.334370556940506769e-01 5.589645889817989044e-01 2.676408503719616971e-02
5.453305163232573249e-02 9.263898470523054818e-02 7.130372827460091933e-01 1.884701234073157122e-02
7.212586229143663763e-02 9.263898470523054818e-02 7.968296920920698856e-01 1.884701234073157122e-02
7.212586229143663763e-02 9.263898470523054818e-02 8.132506841802207287e-01 1.884701234073157122e-02
7.212586229143663763e-02 9.263898470523054818e-02 7.130372827460091933e-01 1.884701234073157122e-02
5.453305163232573249e-02 9.263898470523054818e-02 7.130372827460091933e-01 1.884701234073157122e-02
8.574060646064080027e-02 1.193507543713967223e-01 6.763816586144650866e-01 2.371551846067509323e-02
8.574060646064080027e-02 9.263898470523054818e-02 6.747080694337460605e-01 2.371551846067509323e-02
8.574060646064080027e-02 9.263898470523054818e-02 6.763816586144650866e-01 2.371551846067509323e-02
8.574060646064080027e-02 1.193507543713967223e-01 6.763816586144650866e-01 2.371551846067509323e-02
4.028232120802591881e-02 1.609205995216984875e-01 5.578538514829322059e-01 2.706122485096468938e-02
8.566019462574954446e-02 1.421357772800228014e-01 5.578538514829322059e-01 2.603905609810265587e-02
4.028232120802591881e-02 1.421357772800228014e-01 5.578538514829322059e-01 2.603905609810265587e-02
4.028232120802591881e-02 1.609205995216984875e-01 5.578538514829322059e-01 2.603905609810265587e-02
4.028232120802591881e-02 1.609205995216984875e-01 5.578538514829322059e-01 2.706122485096468938e-02
1.757447397948322942e-01 1.421357772800228014e-01 5.432648374940165503e-01 3.318058859872356769e-02
1.757447397948322942e-01 1.421357772800228014e-01 5.432648374940165503e-01 3.318058859872356769e-02
1.585794525895189433e-01 1.912299296943107407e-01 5.690332866108338550e-01 4.979651376740092811e-02
1.420507476699001959e-01 2.141081198201367775e-01 5.862682766914868449e-01 3.615869590684328561e-02
1.420507476699001959e-01 1.912299296943107407e-01 5.862682766914868449e-01 4.946571330998962568e-02
1.420507476699001959e-01 1.912299296943107407e-01 5.862682766914868449e-01 4.544076347889759032e-02
1.420507476699001959e-01 2.141081198201367775e-01 5.862682766914868449e-01 4.544076347889759032e-02
1.420507476699001959e-01 2.141081198201367775e-01 5.862682766914868449e-01 3.615869590684328561e-02
1.585794525895189433e-01 1.309759213388548837e-01 5.879682992145801590e-01 4.329246919125797483e-02
1.585794525895189433e-01 1.350089310212646554e-01 5.862682766914868449e-01 4.236325175184593034e-02
1.585794525895189433e-01 1.309759213388548837e-01 5.862682766914868449e-01 4.236325175184593034e-02
1.585794525895189433e-01 1.309759213388548837e-01 5.879682992145801590e-01 4.236325175184593034e-02
1.585794525895189433e-01 1.309759213388548837e-01 5.879682992145801590e-01 4.329246919125797483e-02
6.233113390920093366e-02 2.596292299832637651e-01 5.372521414582328569e-01 4.002032241737411844e-02
6.233113390920093366e-02 2.125858320826911618e-01 5.372521414582328569e-01 3.630096332610738274e-02
6.233113390920093366e-02 2.125858320826911618e-01 5.372521414582328569e-01 4.002032241737411844e-02
6.233113390920093366e-02 2.596292299832637651e-01 5.372521414582328569e-01 4.002032241737411844e-02
1.379607204456861358e-01 1.283291701611912472e-01 5.372521414582328569e-01 3.214467019018685257e-02
1.264907814603785374e-01 1.283291701611912472e-01 5.372521414582328569e-01 2.927548897206762313e-02
1.264907814603785374e-01 1.283291701611912472e-01 5.372521414582328569e-01 3.214467019018685257e-02
1.082423304755858462e-01 1.283291701611912472e-01 5.372521414582328569e-01 3.214467019018685257e-02
1.379607204456861358e-01 1.283291701611912472e-01 5.372521414582328569e-01 3.214467019018685257e-02
1.385796069264636984e-02 2.338241238244886389e-01 5.207379772478655244e-01 3.003141791954780371e-02
1.385796069264636984e-02 2.338241238244886389e-01 5.544438805641964674e-01 2.545681336788871429e-02
1.385796069264636984e-02 2.338241238244886389e-01 5.207379772478655244e-01 2.545681336788871429e-02
1.385796069264636984e-02 2.338241238244886389e-01 5.207379772478655244e-01 3.610823275425494028e-02
1.385796069264636984e-02 2.338241238244886389e-01 5.207379772478655244e-01 3.003141791954780371e-02
5.938167375113801577e-02 2.141220292050600715e-01 6.115725282108535055e-01 3.358483664748046493e-02
7.141225109829928142e-02 1.992705446281337056e-01 5.390690132605420182e-01 3.358483664748046493e-02
5.938167375113801577e-02 1.992705446281337056e-01 5.390690132605420182e-01 3.358483664748046493e-02
5.938167375113801577e-02 2.141220292050600715e-01 5.390690132605420182e-01 3.358483664748046493e-02
5.938167375113801577e-02 2.141220292050600715e-01 6.115725282108535055e-01 3.358483664748046493e-02
2.753683503598967908e-02 1.823580939373401211e-01 7.034137674877087854e-01 2.293018558310991328e-02
2.753683503598967908e-02 1.823580939373401211e-01 7.034137674877087854e-01 2.293018558310991328e-02
3.713048783127011199e-02 2.047321883773467743e-01 6.173130297205062789e-01 3.380648740992293899e-02
3.713048783127011199e-02 2.047321883773467743e-01 6.173130297205062789e-01 3.380648740992293899e-02
8.370918400454975539e-02 2.047321883773467743e-01 5.728488925052210856e-01 3.103621885722317175e-02
2.146926975419913980e-02 2.047321883773467743e-01 5.887126424148412251e-01 3.103621885722317175e-02
2.146926975419913980e-02 2.047321883773467743e-01 5.728488925052210856e-01 3.103621885722317175e-02
8.370918400454975539e-02 2.047321883773467743e-01 5.728488925052210856e-01 3.103621885722317175e-02
1.198246321751728627e-01 1.751548748110714204e-01 5.885003044907801684e-01 3.960451710425760136e-02
1.198246321751728627e-01 1.751548748110714204e-01 5.885003044907801684e-01 3.960451710425760136e-02
1.270590768855950903e-01 2.159056464838401135e-01 5.920756206742611161e-01 4.075757471919742858e-02
1.214145187018587924e-01 2.159056464838401135e-01 5.920756206742611161e-01 3.383589471542421123e-02
1.214145187018587924e-01 2.159056464838401135e-01 5.920756206742611161e-01 4.075757471919742858e-02
1.255905795030266281e-01 2.159056464838401135e-01 5.920756206742611161e-01 4.075757471919742858e-02
1.270590768855950903e-01 2.159056464838401135e-01 5.920756206742611161e-01 4.075757471919742858e-02
1.214145187018587924e-01 2.159056464838401135e-01 5.276413117088549765e-01 3.383589471542421123e-02
1.214145187018587924e-01 2.159056464838401135e-01 5.276413117088549765e-01 3.383589471542421123e-02
3.577503794698470851e-02 1.939712349366243538e-01 5.926072648005753507e-01 3.136166287132015340e-02
3.577503794698470851e-02 1.939712349366243538e-01 5.926072648005753507e-01 3.119756091407142190e-02
3.577503794698470851e-02 1.939712349366243538e-01 5.926072648005753507e-01 3.136166287132015340e-02
2.546942476946424394e-01 6.741516601961748678e-02 5.962493225819519571e-01 4.046699144307361329e-02
2.546942476946424394e-01 8.108332898454849447e-02 5.962493225819519571e-01 4.046699144307361329e-02
2.546942476946424394e-01 6.741516601961748678e-02 5.962493225819519571e-01 4.046699144307361329e-02
1.504562002330802895e-01 1.111749891004599200e-01 5.938657982235174826e-01 3.637660563870186853e-02
2.094289950902140929e-01 1.111749891004599200e-01 5.540809557156449738e-01 3.637660563870186853e-02
1.504562002330802895e-01 1.111749891004599200e-01 5.540809557156449738e-01 3.637660563870186853e-02
1.504562002330802895e-01 1.111749891004599200e-01 5.582716364232406248e-01 3.637660563870186853e-02
1.504562002330802895e-01 1.111749891004599200e-01 5.938657982235174826e-01 3.637660563870186853e-02
1.783241630236011843e-01 1.208976976069093406e-01 5.157056273199692731e-01 3.637660563870186853e-02
1.783241630236011843e-01 1.111749891004599200e-01 5.540809557156449738e-01 3.637660563870186853e-02
1.783241630236011843e-01 1.111749891004599200e-01 5.749586433189697310e-01 3.637660563870186853e-02
1.783241630236011843e-01 1.111749891004599200e-01 5.157056273199692731e-01 3.637660563870186853e-02
1.783241630236011843e-01 1.208976976069093406e-01 5.157056273199692731e-01 3.637660563870186853e-02
9.846207489676148117e-02 2.199858292437390228e-01 5.669853031859184433e-01 4.450783795429972406e-02
1.466626892204797028e-01 2.199858292437390228e-01 5.773460032433708200e-01 4.450783795429972406e-02
9.846207489676148117e-02 2.199858292437390228e-01 5.773460032433708200e-01 4.450783795429972406e-02
9.846207489676148117e-02 2.199858292437390228e-01 5.669853031859184433e-01 4.450783795429972406e-02
1.973359014286248381e-01 2.294808374507373849e-01 5.108512483699519935e-01 4.989919204549830845e-02
1.973359014286248381e-01 2.199858292437390228e-01 5.129248107994134331e-01 5.707565587233062732e-02
1.973359014286248381e-01 2.294808374507373849e-01 5.129248107994134331e-01 5.707565587233062732e-02
1.973359014286248381e-01 2.294808374507373849e-01 5.108512483699519935e-01 5.707565587233062732e-02
1.973359014286248381e-01 2.294808374507373849e-01 5.108512483699519935e-01 4.989919204549830845e-02
1.138569527704974549e-01 2.199858292437390228e-01 5.991854510592043992e-01 4.720537901711452378e-02
1.138569527704974549e-01 2.199858292437390228e-01 5.991854510592043992e-01 4.720537901711452378e-02
1.888469051155146350e-01 2.118458585957996576e-01 5.006443798539618184e-01 5.768410159171813434e-02
1.949209024962302861e-01 2.118458585957996576e-01 5.006443798539618184e-01 5.768410159171813434e-02
1.941293081420528699e-01 2.118458585957996576e-01 5.006443798539618184e-01 5.768410159171813434e-02
1.888469051155146350e-01 2.118458585957996576e-01 5.006443798539618184e-01 5.768410159171813434e-02
1.949209024962302861e-01 2.118458585957996576e-01 5.216427840763045998e-01 5.768410159171813434e-02
1.949209024962302861e-01 2.118458585957996576e-01 5.216427840763045998e-01 5.768410159171813434e-02
1.156730820705889756e-01 2.153681589376835182e-01 5.177261735967806366e-01 4.094909286564636652e-02
1.949209024962302861e-01 2.153681589376835182e-01 5.177261735967806366e-01 4.436843707509907642e-02
1.156730820705889756e-01 2.153681589376835182e-01 5.177261735967806366e-01 4.436843707509907642e-02
1.156730820705889756e-01 2.153681589376835182e-01 5.177261735967806366e-01 4.094909286564636652e-02
1.868349122317279898e-01 2.153681589376835182e-01 5.035461495512153496e-01 5.058886879552216415e-02
1.868349122317279898e-01 2.153681589376835182e-01 5.177261735967806366e-01 5.768410159171813434e-02
1.868349122317279898e-01 2.153681589376835182e-01 5.177261735967806366e-01 5.058886879552216415e-02
1.868349122317279898e-01 2.153681589376835182e-01 5.035461495512153496e-01 5.058886879552216415e-02
1.712340008465519370e-01 2.054831395332235855e-01 5.115201657346425401e-01 5.004394420565790036e-02
1.712340008465519370e-01 2.054831395332235855e-01 5.115201657346425401e-01 4.929206170037647022e-02
1.712340008465519370e-01 2.054831395332235855e-01 5.115201657346425401e-01 4.346382007446634305e-02
1.712340008465519370e-01 2.054831395332235855e-01 5.115201657346425401e-01 3.845471718678555861e-02
1.712340008465519370e-01 2.054831395332235855e-01 5.115201657346425401e-01 5.004394420565790036e-02
1.277905022151695213e-01 1.577629637762552328e-01 6.371008383166553157e-01 3.656841322038301839e-02
1.277905022151695213e-01 2.185333544093907288e-01 6.041448240040412365e-01 3.656841322038301839e-02
1.277905022151695213e-01 1.577629637762552328e-01 6.041448240040412365e-01 3.656841322038301839e-02
1.277905022151695213e-01 1.577629637762552328e-01 6.371008383166553157e-01 3.656841322038301839e-02
1.812838722348118214e-01 1.860595000013602340e-01 5.716111295209896914e-01 4.571504055910871611e-02
1.812838722348118214e-01 1.860595000013602340e-01 5.716111295209896914e-01 3.976420545670800166e-02
1.812838722348118214e-01 1.860595000013602340e-01 5.716111295209896914e-01 4.571504055910871611e-02
1.459428005662954386e-01 2.525527592134653720e-01 5.290268735947478707e-01 4.156525979484531480e-02
9.249864441025715256e-02 2.525527592134653720e-01 5.290268735947478707e-01 4.156525979484531480e-02
1.459428005662954386e-01 2.525527592134653720e-01 5.290268735947478707e-01 4.156525979484531480e-02
9.519695872865845121e-02 2.364808841943301099e-01 5.127414241607251011e-01 4.296082925180842726e-02
9.519695872865845121e-02 3.114641390544263810e-01 5.127414241607251011e-01 5.082544777421094118e-02
9.519695872865845121e-02 3.114641390544263810e-01 5.127414241607251011e-01 4.296082925180842726e-02
9.519695872865845121e-02 2.364808841943301099e-01 5.127414241607251011e-01 4.296082925180842726e-02
1.179772457140478847e-01 3.114641390544263810e-01 5.075709001961972167e-01 4.506994463143935981e-02
1.179772457140478847e-01 3.114641390544263810e-01 5.075709001961972167e-01 5.082544777421094118e-02
1.179772457140478847e-01 3.114641390544263810e-01 5.075709001961972167e-01 4.506994463143935981e-02
3.668361855070482319e-02 3.614444452485591208e-01 5.145542330434392797e-01 4.033856768236000756e-02
3.668361855070482319e-02 3.114641390544263810e-01 5.145542330434392797e-01 4.376512177280503235e-02
3.668361855070482319e-02 3.614444452485591208e-01 5.145542330434392797e-01 4.376512177280503235e-02
3.668361855070482319e-02 3.614444452485591208e-01 5.145542330434392797e-01 4.033856768236000756e-02
1.784838782066537344e-01 2.540565151070998118e-01 5.073881450312717201e-01 5.171075301347480280e-02
1.289668855759551203e-01 2.540565151070998118e-01 5.073881450312717201e-01 5.053807005066732888e-02
1.289668855759551203e-01 2.540565151070998118e-01 5.073881450312717201e-01 5.171075301347480280e-02
1.784838782066537344e-01 2.540565151070998118e-01 5.073881450312717201e-01 5.171075301347480280e-02
8.301592653256764653e-02 2.507460347538694179e-01 5.930998474225214201e-01 4.654778215298174815e-02
9.926981420772797160e-02 2.507460347538694179e-01 6.027809082795774209e-01 4.654778215298174815e-02
9.926981420772797160e-02 2.507460347538694179e-01 5.930998474225214201e-01 4.654778215298174815e-02
8.301592653256764653e-02 2.507460347538694179e-01 5.930998474225214201e-01 4.654778215298174815e-02
3.033674314738651553e-02 2.940071986285169858e-01 6.021152130788685053e-01 4.856119570401494501e-02
3.033674314738651553e-02 2.940071986285169858e-01 5.348044170217169935e-01 4.856119570401494501e-02
3.033674314738651553e-02 2.940071986285169858e-01 6.021152130788685053e-01 4.856119570401494501e-02
7.255958119969417586e-02 2.801730897538182719e-01 5.062785004135869071e-01 4.335152030642658999e-02
7.255958119969417586e-02 2.801730897538182719e-01 5.326699418676970055e-01 4.335152030642658999e-02
7.255958119969417586e-02 2.801730897538182719e-01 5.062785004135869071e-01 4.335152030642658999e-02
8.286758629283960675e-02 2.291046796876907155e-01 5.783986612011934314e-01 3.732710941065227328e-02
8.286758629283960675e-02 2.291046796876907155e-01 5.783986612011934314e-01 3.973959193342840174e-02
8.286758629283960675e-02 2.291046796876907155e-01 5.783986612011934314e-01 3.732710941065227328e-02
1.028804346107487361e-01 2.379457471927528267e-01 5.863952585137971463e-01 5.097173649450878474e-02
1.028804346107487361e-01 2.390264960327049271e-01 5.665488726232386085e-01 5.097173649450878474e-02
1.028804346107487361e-01 2.379457471927528267e-01 5.665488726232386085e-01 5.097173649450878474e-02
1.028804346107487361e-01 2.379457471927528267e-01 5.863952585137971463e-01 5.097173649450878474e-02
8.584015572651720882e-02 2.421102026281241326e-01 5.727813723206367502e-01 3.766462694079025092e-02
1.028804346107487361e-01 2.390264960327049271e-01 5.727813723206367502e-01 3.964274828668866435e-02
1.028804346107487361e-01 2.421102026281241326e-01 5.727813723206367502e-01 3.964274828668866435e-02
8.584015572651720882e-02 2.421102026281241326e-01 5.727813723206367502e-01 3.964274828668866435e-02
8.584015572651720882e-02 2.421102026281241326e-01 5.727813723206367502e-01 3.766462694079025092e-02
1.067503965046533582e-01 2.390264960327049271e-01 5.924022989602015787e-01 5.115849411482860376e-02
8.597217811193574866e-02 2.959238968861136465e-01 5.585735651535005397e-01 4.686530244595227962e-02
8.597217811193574866e-02 2.390264960327049271e-01 5.585735651535005397e-01 4.686530244595227962e-02
8.597217811193574866e-02 2.636305224171647810e-01 5.585735651535005397e-01 4.686530244595227962e-02
8.597217811193574866e-02 2.387583716872928030e-01 5.585735651535005397e-01 4.686530244595227962e-02
8.597217811193574866e-02 2.959238968861136465e-01 5.585735651535005397e-01 4.686530244595227962e-02
9.376229535376906510e-02 2.596516760424956161e-01 5.870757123572495351e-01 4.363286660221792762e-02
7.046633579013442117e-02 2.596516760424956161e-01 5.870757123572495351e-01 4.734165120451957337e-02
8.153513539733121818e-02 2.596516760424956161e-01 5.870757123572495351e-01 4.734165120451957337e-02
9.376229535376906510e-02 2.596516760424956161e-01 5.870757123572495351e-01 4.734165120451957337e-02
9.376229535376906510e-02 2.596516760424956161e-01 5.870757123572495351e-01 4.363286660221792762e-02
6.682108033057246321e-02 2.727191959414120848e-01 6.063371730965899653e-01 3.769557759671637170e-02
6.522488537870439751e-02 2.355432114728244486e-01 6.063371730965899653e-01 3.769557759671637170e-02
6.682108033057246321e-02 2.355432114728244486e-01 6.063371730965899653e-01 3.769557759671637170e-02
6.682108033057246321e-02 2.686656419525349504e-01 6.063371730965899653e-01 3.769557759671637170e-02
6.682108033057246321e-02 2.727191959414120848e-01 6.063371730965899653e-01 3.769557759671637170e-02
1.511617204698884331e-01 2.030502932436162866e-01 5.164600727722182816e-01 3.696687858193264953e-02
1.533307932081866554e-01 2.030502932436162866e-01 5.546856677053803031e-01 3.696687858193264953e-02
9.464348392651432407e-02 2.030502932436162866e-01 5.546856677053803031e-01 3.696687858193264953e-02
9.464348392651432407e-02 2.030502932436162866e-01 5.164600727722182816e-01 3.696687858193264953e-02
1.511617204698884331e-01 2.030502932436162866e-01 5.164600727722182816e-01 3.696687858193264953e-02
1.380933730954572447e-01 1.805672175669084667e-01 5.085926818676596017e-01 4.008766839422538836e-02
1.445723859108002940e-01 1.805672175669084667e-01 5.520700367314647083e-01 4.008766839422538836e-02
1.445723859108002940e-01 1.805672175669084667e-01 5.152418857235726568e-01 4.008766839422538836e-02
1.445723859108002940e-01 1.805672175669084667e-01 5.085926818676596017e-01 4.008766839422538836e-02
1.380933730954572447e-01 1.805672175669084667e-01 5.085926818676596017e-01 4.008766839422538836e-02
1.423766342597987400e-02 3.105187886265223796e-01 5.520700367314647083e-01 3.971613312899501674e-02
8.855139002483645994e-02 2.640841320040550055e-01 5.520700367314647083e-01 4.008766839422538836e-02
8.855139002483645994e-02 3.105187886265223796e-01 5.520700367314647083e-01 4.008766839422538836e-02
8.855139002483645994e-02 3.105187886265223796e-01 5.520700367314647083e-01 4.448636408468074899e-02
1.423766342597987400e-02 3.105187886265223796e-01 5.520700367314647083e-01 4.448636408468074899e-02
1.423766342597987400e-02 3.105187886265223796e-01 5.520700367314647083e-01 3.971613312899501674e-02
7.765372755117383452e-02 2.367949620947147338e-01 6.058358476187538644e-01 4.514753520233705936e-02
7.765372755117383452e-02 2.382128476039555021e-01 5.506984072181901890e-01 3.707609021476271360e-02
7.765372755117383452e-02 2.382128476039555021e-01 5.506984072181901890e-01 4.514753520233705936e-02
7.765372755117383452e-02 2.367949620947147338e-01 5.506984072181901890e-01 4.514753520233705936e-02
7.765372755117383452e-02 2.367949620947147338e-01 6.058358476187538644e-01 4.514753520233705936e-02
6.877901562870317176e-02 2.305920558065735204e-01 5.839843636429452589e-01 4.030592890424924968e-02
1.176416381782737081e-01 1.079504304976062895e-01 5.922754919597769119e-01 3.291159447594426551e-02
1.176416381782737081e-01 1.079504304976062895e-01 6.660452453673870732e-01 3.291159447594426551e-02
1.176416381782737081e-01 1.079504304976062895e-01 5.922754919597769119e-01 3.291159447594426551e-02
1.127365900559203771e-01 1.381176863763354246e-01 5.220457878738208324e-01 3.291159447594426551e-02
1.127365900559203771e-01 1.381176863763354246e-01 5.220457878738208324e-01 3.291159447594426551e-02
