2.332587016143743974e-01 5.762661307038398073e-01
2.331181094978147517e-01 5.762661307038398073e-01
2.332587016143743974e-01 5.762661307038398073e-01
2.456107418153194444e-01 3.834562018824835827e-01
2.456107418153194444e-01 5.762661307038398073e-01
2.456107418153194444e-01 4.975051097156774071e-01
2.456107418153194444e-01 4.145565547586601007e-01
2.456107418153194444e-01 3.834562018824835827e-01
9.029132202557768050e-01 1.738659286641848489e-02
9.029132202557768050e-01 1.738659286641848489e-02
1.769413404530992828e-01 1.522297850150696741e-01
1.769413404530992828e-01 7.575818652546921772e-01
1.769413404530992828e-01 1.522297850150696741e-01
9.386271761828995919e-02 7.575818652546921772e-01
9.386271761828995919e-02 7.575818652546921772e-01
2.092184716679162948e-01 6.318673045882092221e-02
2.092184716679162948e-01 2.404805396165067277e-01
2.092184716679162948e-01 9.429553948582630740e-02
2.092184716679162948e-01 6.318673045882092221e-02
1.777845194028911391e-01 3.064977120130122495e-02
1.777845194028911391e-01 2.404805396165067277e-01
1.777845194028911391e-01 7.209624110230278271e-02
1.777845194028911391e-01 3.064977120130122495e-02
3.840025463194321476e-01 7.804826838415861168e-02
3.840025463194321476e-01 8.520229003576285098e-02
3.840025463194321476e-01 2.650061824977854169e-02
3.840025463194321476e-01 7.804826838415861168e-02
5.740246237323942680e-01 2.082675569362609225e-01
4.298604141387896149e-01 2.082675569362609225e-01
3.936063552257396125e-01 2.082675569362609225e-01
5.740246237323942680e-01 2.082675569362609225e-01
4.298604141387896149e-01 5.025817004430150892e-01
4.298604141387896149e-01 5.025817004430150892e-01
3.212418423666427159e-02 5.572817264620089084e-01
1.857948806146211274e-01 3.584820093720781919e-01
1.857948806146211274e-01 1.958264907081425088e-01
3.212418423666427159e-02 1.958264907081425088e-01
3.212418423666427159e-02 2.776746878322255419e-01
3.212418423666427159e-02 5.572817264620089084e-01
2.753620138366175141e-01 9.407080482394530874e-02
1.857948806146211274e-01 3.852731155044544220e-01
1.381798251787322018e-01 3.852731155044544220e-01
1.381798251787322018e-01 9.407080482394530874e-02
2.753620138366175141e-01 9.407080482394530874e-02
4.087851407673137594e-02 2.487428991105700149e-02
3.999257748623198383e-01 2.487428991105700149e-02
5.948702303638144784e-01 2.487428991105700149e-02
4.087851407673137594e-02 2.487428991105700149e-02
3.303074546341377427e-01 5.331596662154916011e-01
3.303074546341377427e-01 6.150437574107192606e-02
3.303074546341377427e-01 7.775244651983460875e-02
3.303074546341377427e-01 5.331596662154916011e-01
1.050008343459492011e-01 1.966479967524777661e-01
1.050008343459492011e-01 6.150437574107192606e-02
1.050008343459492011e-01 1.966479967524777661e-01
7.722341865552506679e-01 2.857114326296430334e-02
7.722341865552506679e-01 8.933052993347234683e-02
7.722341865552506679e-01 2.857114326296430334e-02
6.297483524040554670e-01 8.933052993347234683e-02
8.378041598850829441e-01 8.933052993347234683e-02
6.297483524040554670e-01 8.933052993347234683e-02
2.168290170812135487e-01 4.500624143287351719e-02
4.043048031161947664e-01 4.675608635237189503e-01
4.043048031161947664e-01 3.022717602484752408e-01
4.043048031161947664e-01 4.500624143287351719e-02
6.361557204826266965e-01 4.500624143287351719e-02
2.168290170812135487e-01 4.500624143287351719e-02
3.694516852051653311e-02 4.427124917476989441e-01
2.030045179536824895e-01 5.834605857407537677e-01
1.129287881566879287e-01 5.834605857407537677e-01
1.142325162118839610e-01 5.834605857407537677e-01
1.142325162118839610e-01 4.427124917476989441e-01
3.694516852051653311e-02 4.427124917476989441e-01
3.292297378647087158e-01 1.209945179548566063e-01
3.011337105271995052e-01 1.209945179548566063e-01
3.292297378647087158e-01 1.209945179548566063e-01
3.564895343324451793e-01 4.578440621302063418e-01
3.213018512184667719e-01 5.953822462696309881e-01
3.564895343324451793e-01 5.953822462696309881e-01
3.564895343324451793e-01 4.578440621302063418e-01
6.769573444841808785e-02 8.304981449205321997e-01
6.769573444841808785e-02 6.405258302051228814e-01
6.769573444841808785e-02 8.304981449205321997e-01
4.748662130928393843e-02 5.277767365696764967e-01
4.748662130928393843e-02 7.044954515661863148e-01
4.748662130928393843e-02 8.220972793317532501e-01
4.748662130928393843e-02 6.212305984033783535e-01
4.748662130928393843e-02 5.277767365696764967e-01
4.748662130928393843e-02 7.807874923980957504e-01
4.748662130928393843e-02 8.566547285238179654e-01
4.748662130928393843e-02 8.939379420234533358e-01
4.748662130928393843e-02 7.807874923980957504e-01
2.968149878679908760e-01 6.181985713748187061e-01
2.968149878679908760e-01 3.933853999023716463e-01
2.968149878679908760e-01 1.659811054135993669e-01
2.968149878679908760e-01 6.181985713748187061e-01
9.308096969049972635e-02 3.297174148714634434e-01
1.014970245270037097e-01 5.148118499005052140e-01
9.308096969049972635e-02 5.148118499005052140e-01
9.308096969049972635e-02 3.297174148714634434e-01
1.840761309678213761e-02 8.590220371650658659e-01
4.298430931733276950e-02 8.198604057921226040e-01
4.298430931733276950e-02 8.590220371650658659e-01
1.840761309678213761e-02 8.590220371650658659e-01
1.246879270044081028e-01 6.071214058179322803e-01
2.744601712808880656e-03 3.931735841144601284e-01
2.744601712808880656e-03 8.334259757918194289e-02
1.246879270044081028e-01 8.334259757918194289e-02
1.246879270044081028e-01 6.071214058179322803e-01
1.317116448962783459e-01 2.592430897353016905e-01
1.317116448962783459e-01 6.355625476248136785e-01
1.317116448962783459e-01 6.630185138654438592e-01
1.317116448962783459e-01 3.477221110110744196e-01
1.317116448962783459e-01 2.592430897353016905e-01
3.217723572867590143e-01 5.910409238538651966e-01
4.966934357932378807e-01 2.620455860326792452e-01
9.878156932771231524e-02 2.620455860326792452e-01
3.217723572867590143e-01 2.620455860326792452e-01
3.217723572867590143e-01 5.910409238538651966e-01
4.949244659490368847e-01 7.795635274056578190e-02
5.610906456555113664e-01 7.795635274056578190e-02
4.949244659490368847e-01 7.795635274056578190e-02
6.247916064779179823e-01 7.795635274056578190e-02
8.576268502930061155e-01 7.795635274056578190e-02
7.015559058318238117e-01 7.795635274056578190e-02
6.247916064779179823e-01 7.795635274056578190e-02
2.012582516030679836e-01 3.786894572480685173e-01
1.514616264509554555e-01 5.264136508128205438e-01
1.514616264509554555e-01 3.786894572480685173e-01
2.513143522701492549e-01 3.786894572480685173e-01
1.317557648274975679e-01 3.786894572480685173e-01
2.012582516030679836e-01 3.786894572480685173e-01
3.697603310182230596e-02 5.264136508128205438e-01
2.572680056902266754e-01 5.264136508128205438e-01
4.437981448647435601e-01 5.264136508128205438e-01
1.515692715238747268e-01 5.264136508128205438e-01
3.697603310182230596e-02 5.264136508128205438e-01
1.993844688798831755e-01 7.311521286346099879e-01
2.143537136861296544e-01 7.311521286346099879e-01
1.993844688798831755e-01 7.311521286346099879e-01
1.350478379687758967e-01 7.870227938031167936e-01
1.570121478444546081e-01 7.870227938031167936e-01
1.350478379687758967e-01 7.870227938031167936e-01
1.815144567012867971e-01 5.642730247148072253e-01
4.189394396374823692e-02 4.186726166382373493e-01
4.189394396374823692e-02 4.881030588341944698e-01
4.189394396374823692e-02 5.482421877390785125e-01
4.189394396374823692e-02 5.642730247148072253e-01
1.815144567012867971e-01 5.642730247148072253e-01
2.806690152287019679e-01 6.290599141334394240e-01
2.806690152287019679e-01 4.912308228407358257e-01
2.806690152287019679e-01 4.726827656311454740e-01
2.806690152287019679e-01 6.290599141334394240e-01
2.293757111092516454e-01 4.369463030120090963e-01
2.036750589977266435e-01 1.328484755547402196e-01
9.577585162921162243e-02 1.328484755547402196e-01
9.577585162921162243e-02 4.832598077211683885e-01
9.577585162921162243e-02 4.369463030120090963e-01
2.293757111092516454e-01 4.369463030120090963e-01
6.250146477684702662e-01 2.991388999812732985e-01
3.378496274182514747e-01 3.774491348419070080e-01
3.378496274182514747e-01 2.991388999812732985e-01
5.758521427283180838e-01 2.991388999812732985e-01
6.250146477684702662e-01 2.991388999812732985e-01
3.750401350535564893e-01 6.132958127423638883e-01
3.750401350535564893e-01 5.153830654785210852e-01
3.750401350535564893e-01 6.132958127423638883e-01
3.108435387402403438e-01 2.751834871488840206e-01
1.033897389155111757e-01 1.215979565301648357e-01
1.086068065730760035e-01 1.215979565301648357e-01
1.086068065730760035e-01 3.988249226285806026e-01
1.086068065730760035e-01 2.751834871488840206e-01
3.108435387402403438e-01 2.751834871488840206e-01
7.259883169840598560e-01 1.144345625053050375e-02
3.910810543760679936e-01 2.426976832605400869e-01
3.910810543760679936e-01 1.144345625053050375e-02
5.300787323050097921e-01 1.144345625053050375e-02
7.259883169840598560e-01 1.144345625053050375e-02
3.685262666047041114e-01 4.582998347884368467e-02
7.093879986160580575e-01 3.061743152290757886e-02
7.093879986160580575e-01 6.142054216138627398e-02
3.685262666047041114e-01 6.142054216138627398e-02
3.685262666047041114e-01 4.582998347884368467e-02
1.564822882841322704e-01 6.667061880698292864e-01
1.034425057512955437e-02 6.667061880698292864e-01
1.564822882841322704e-01 6.667061880698292864e-01
7.660912713976023025e-02 7.343642089791903027e-01
1.034425057512955437e-02 7.680023864782375975e-01
1.034425057512955437e-02 7.343642089791903027e-01
7.660912713976023025e-02 7.343642089791903027e-01
4.197174209349202045e-01 5.783914900863649233e-01
1.934697661221552734e-01 5.783914900863649233e-01
4.197174209349202045e-01 5.783914900863649233e-01
1.912377869276000175e-01 2.281246879279577033e-01
1.352714794575828883e-01 4.125321391496513668e-01
1.912377869276000175e-01 4.125321391496513668e-01
1.912377869276000175e-01 6.059184184196804157e-01
1.912377869276000175e-01 2.281246879279577033e-01
1.270236839242143978e-01 4.637421153215866010e-01
1.734081302573918515e-02 4.637421153215866010e-01
1.731136712695302560e-01 4.637421153215866010e-01
5.441138524795000042e-02 4.637421153215866010e-01
1.270236839242143978e-01 4.637421153215866010e-01
4.498533959981990127e-01 4.394662183567755731e-01
4.768124519994569321e-01 4.394662183567755731e-01
2.691563613327999094e-01 4.394662183567755731e-01
4.498533959981990127e-01 4.394662183567755731e-01
9.371690831331438987e-02 4.394662183567755731e-01
2.344733478960140949e-01 4.394662183567755731e-01
2.451562967506565049e-01 4.394662183567755731e-01
1.677516610733267854e-01 4.394662183567755731e-01
2.393997584474981677e-01 4.394662183567755731e-01
9.371690831331438987e-02 4.394662183567755731e-01
3.653539133170647935e-01 2.115825681261437052e-01
3.888751755328362925e-01 1.792283768834246338e-01
3.653539133170647935e-01 1.792283768834246338e-01
3.653539133170647935e-01 2.231611491993533980e-01
3.653539133170647935e-01 2.115825681261437052e-01
3.487718313796746017e-01 1.404059109276187545e-01
4.274202566503755296e-01 1.404059109276187545e-01
7.401934791129047841e-01 1.404059109276187545e-01
3.487718313796746017e-01 1.404059109276187545e-01
1.898524238511632156e-01 1.774657747084706638e-01
2.170079737901501327e-01 1.774657747084706638e-01
1.898524238511632156e-01 1.774657747084706638e-01
2.077701860916490451e-01 4.055597248813107569e-01
5.110529922013564708e-01 3.682107561907667082e-01
5.599190171564442098e-01 3.682107561907667082e-01
2.077701860916490451e-01 3.682107561907667082e-01
2.077701860916490451e-01 4.055597248813107569e-01
2.850721735921953326e-01 2.438029229836683465e-01
4.595711668820934293e-01 1.782776104828244224e-01
4.595711668820934293e-01 1.876589366349029619e-02
2.850721735921953326e-01 1.876589366349029619e-02
2.850721735921953326e-01 2.438029229836683465e-01
5.454202357137205581e-01 2.596904622572837051e-01
5.454202357137205581e-01 3.079871860733418565e-01
5.454202357137205581e-01 7.935228074257971720e-02
5.454202357137205581e-01 2.596904622572837051e-01
5.252229332052253952e-01 3.584811031653661884e-01
3.552217026298503111e-01 3.079871860733418565e-01
5.252229332052253952e-01 3.079871860733418565e-01
5.252229332052253952e-01 4.442785486595051681e-01
5.252229332052253952e-01 3.584811031653661884e-01
3.425421325716387355e-01 7.010437533632750406e-02
4.573760177648171776e-01 7.010437533632750406e-02
3.425421325716387355e-01 7.010437533632750406e-02
4.351543269420108939e-01 1.809834438333331741e-01
4.924389374810143050e-01 4.052559428919477735e-02
4.924389374810143050e-01 1.809834438333331741e-01
4.351543269420108939e-01 1.809834438333331741e-01
9.761620769669854258e-02 4.052559428919477735e-02
3.722452214658275582e-01 4.052559428919477735e-02
4.419441899415783026e-01 4.052559428919477735e-02
9.761620769669854258e-02 4.052559428919477735e-02
7.747240493051819055e-01 7.190100880968100516e-02
7.747240493051819055e-01 7.190100880968100516e-02
7.747240493051819055e-01 6.959654586889804651e-02
7.747240493051819055e-01 6.959654586889804651e-02
4.701788135079386088e-01 1.467733350926634928e-01
1.219828374864304066e-01 1.824500728873018618e-01
4.463724611412280829e-01 1.824500728873018618e-01
4.701788135079386088e-01 1.824500728873018618e-01
4.701788135079386088e-01 1.467733350926634928e-01
5.328712846479140008e-01 3.664503288565173489e-01
4.886105711273286967e-01 5.046124612565272560e-02
4.886105711273286967e-01 3.664503288565173489e-01
5.328712846479140008e-01 3.664503288565173489e-01
7.655449709818575865e-01 1.895218578152934596e-01
5.509266595120578813e-01 2.859219212310408209e-01
5.509266595120578813e-01 1.895218578152934596e-01
7.655449709818575865e-01 1.895218578152934596e-01
2.744185448266728278e-01 4.312393205554431175e-01
2.416450032320913710e-01 2.380538281433995096e-01
2.744185448266728278e-01 2.380538281433995096e-01
2.744185448266728278e-01 6.601314497537470460e-01
2.744185448266728278e-01 4.312393205554431175e-01
3.406890736086981564e-02 5.822954281763761397e-01
2.416450032320913710e-01 5.822954281763761397e-01
1.604541075089631064e-01 5.822954281763761397e-01
3.406890736086981564e-02 5.822954281763761397e-01
3.606669974737233275e-01 2.975533629667667657e-01
6.912439444491392804e-01 3.686740597373816541e-02
6.101929393346293695e-01 3.686740597373816541e-02
6.101929393346293695e-01 2.975533629667667657e-01
5.404624561167866714e-01 2.975533629667667657e-01
3.606669974737233275e-01 2.975533629667667657e-01
7.844156095459564604e-01 3.686740597373816541e-02
7.844156095459564604e-01 3.686740597373816541e-02
8.040141161674897452e-01 8.639462034253198031e-02
1.921789695333983861e-01 3.698509988742415544e-01
4.005041514976485084e-01 3.698509988742415544e-01
4.005041514976485084e-01 8.639462034253198031e-02
8.040141161674897452e-01 8.639462034253198031e-02
3.048408600022264325e-01 3.176289756413799847e-01
3.163642326335892041e-01 2.587751970636179566e-01
3.723139549242819868e-01 2.587751970636179566e-01
3.723139549242819868e-01 3.176289756413799847e-01
4.174081059148100348e-01 3.176289756413799847e-01
3.048408600022264325e-01 3.176289756413799847e-01
2.198165629113025821e-01 7.182133028453362433e-01
3.124972333333375651e-01 2.587751970636179566e-01
3.124972333333375651e-01 6.438091591447068218e-01
2.198165629113025821e-01 6.438091591447068218e-01
2.198165629113025821e-01 7.182133028453362433e-01
1.625308944315676518e-01 4.365369311828500853e-01
1.362440916864471330e-01 5.693139943234437617e-01
1.362440916864471330e-01 4.365369311828500853e-01
1.625308944315676518e-01 4.365369311828500853e-01
1.362440916864471330e-01 1.748248133341505084e-01
1.362440916864471330e-01 5.810494661123475346e-01
1.362440916864471330e-01 1.748248133341505084e-01
2.770692033185007119e-01 6.522864005693246314e-01
2.770692033185007119e-01 6.893720384585854122e-01
2.770692033185007119e-01 6.522864005693246314e-01
6.069768035119413874e-01 1.317873528495446811e-01
6.069768035119413874e-01 1.508776707254133598e-02
6.069768035119413874e-01 1.317873528495446811e-01
6.617386074795590378e-01 2.521400465522685153e-01
4.473590152135826781e-01 2.521400465522685153e-01
5.385209141325814075e-01 2.521400465522685153e-01
6.617386074795590378e-01 2.521400465522685153e-01
1.815786686853931853e-01 6.374946459362095252e-01
1.764269306156200923e-01 6.100598492383180194e-01
6.664462928829871513e-02 6.100598492383180194e-01
6.664462928829871513e-02 6.374946459362095252e-01
1.815786686853931853e-01 6.374946459362095252e-01
1.882519223832729294e-01 5.826167049328246916e-01
1.764269306156200923e-01 4.641261010465822512e-01
8.984599321961711516e-02 4.641261010465822512e-01
8.984599321961711516e-02 5.826167049328246916e-01
1.882519223832729294e-01 5.826167049328246916e-01
