0.000000000000000000e+00 0.000000000000000000e+00
1.759928912071642704e-01 1.838070533941230933e-01
1.074785103223661886e-01 1.838070425913710115e-01
1.752862864312019209e-01 1.696062447568541798e-01
1.963704574294039551e-02 1.220286713945060719e-01
1.959533718614172304e-01 9.376260083723650385e-02
1.747878463831069040e-01 7.911831271305870550e-02
3.034649983578230348e-01 1.021150540364655218e-01
2.314063269117219712e-01 8.373854210969014500e-02
5.782912332136384004e-01 7.625198694146481659e-02
2.080466939739926135e-01 2.687529958246689249e-02
6.249241709744590700e-01 8.119965351448879542e-02
6.953341875514192916e-01 3.249060457741967389e-02
1.285091250697667498e-02 9.786258711693607282e-02
2.639675456684460464e-01 2.791091781178988152e-01
4.038487239053567546e-02 1.310994268870392943e-01
5.055749810407784983e-02 4.843479502297944050e-02
2.405275047262751542e-01 6.469045955652467927e-02
5.463421218175349425e-01 1.322209265415940083e-01
3.408978127482927833e-01 6.763173426288543455e-03
1.072449745123446041e-01 1.803256206249102128e-02
2.168960176160013575e-01 1.498569637376128555e-02
4.426928173799564714e-01 3.148318704558830672e-02
1.837550941709634178e-01 1.366252464438526826e-01
2.086076109296676750e-01 2.648185269761523797e-01
5.306300552060123632e-01 3.057659433842786489e-01
1.891388859059706107e-01 4.734175718214196360e-01
2.339134051463682695e-01 3.678661013553893300e-01
2.556636135446325730e-01 2.776795713102296892e-01
6.873148725675601312e-02 9.313997783281541265e-02
1.706918407811058302e-01 1.318598236039631444e-01
4.096333544052084275e-01 2.147300556078492739e-01
5.524210613615740950e-01 3.658789765810491756e-01
1.122631454010881713e-01 8.804619634082372359e-02
3.741806264065420384e-01 1.207611622199446927e-01
4.223677843872304383e-01 5.185692209607446757e-02
8.005923150985805314e-01 1.834239470460981569e-01
3.159721733242684683e-01 1.427651300960002256e-01
5.719401564533788118e-01 6.029727498278089626e-02
6.558424839539157558e-01 1.141021824943117685e-02
8.066874321643980883e-01 1.125314358564045714e-01
6.225814065673110909e-01 3.169681759706098889e-01
1.599999850598287088e-01 3.744446694180753599e-01
4.361471027536517608e-01 4.429619705301273136e-01
3.515139571538152263e-01 4.251056880804909843e-01
3.172135736172215781e-01 4.807760958885157199e-01
3.926032176761151682e-02 3.185846803712649722e-01
7.667186778492351973e-02 5.790940000430568890e-01
6.490154399484013847e-01 3.157276359159686963e-01
5.404649155178528064e-01 4.548846427080113775e-01
3.449924099796186638e-01 4.005164806799670352e-01
2.709628866197245634e-01 1.574225573857875315e-01
4.859854607256592907e-01 4.320171825042332103e-02
3.767592088197978528e-01 2.106241017670062651e-02
2.427062752840844495e-01 3.125505832493398195e-01
1.886156944026237126e-01 6.114617376203377308e-01
3.686811008292136815e-01 3.081901412777854898e-01
3.706338696282689971e-01 1.832295167039595662e-01
3.174056693790723305e-01 2.020299571782102066e-01
7.863497213452072532e-02 9.518172254516822639e-02
3.623242095281178216e-02 3.846948868737134486e-01
2.782686989701168012e-01 4.434718908882105404e-01
1.290499214565604680e-02 6.176122269068085036e-01
3.421201540435955812e-01 3.963399214697912454e-01
1.943319094661878355e-01 2.019325967326980609e-01
1.809531936428785404e-01 2.742193853580516816e-01
2.198102206276212056e-01 4.553221972614544533e-01
1.463050779883090513e-01 4.975269150422900188e-01
1.436847128304922505e-01 4.076097090579137161e-01
1.904047442890400288e-01 2.354837030510662788e-01
4.109407410491165424e-01 3.569535194080533658e-01
1.035733784392268153e-01 5.996845504312333652e-01
3.522425602735466954e-02 7.559071283156699739e-01
1.218236068178548195e-02 9.417613520029325391e-01
7.107026170769612655e-03 3.992909224410761126e-01
2.583983153665437293e-01 3.987322564004470160e-01
1.809732200517061296e-02 6.832895354306449676e-01
3.089337592165896096e-01 8.539696520123829515e-02
3.526508853940111821e-01 4.038888079520674967e-01
6.261769251380270296e-01 1.046061969720291085e-01
7.188428228900033412e-01 4.074633429158466824e-02
8.291143584649270926e-01 1.009663355226678161e-01
5.039856953633627956e-01 4.325230787517157505e-01
4.986288394499199250e-01 3.363379781866851492e-01
5.599229471604102448e-01 3.573539239556534630e-01
4.426682786923447077e-01 4.581724450160554740e-01
1.443133143235055815e-01 6.553578696112102309e-01
2.705906306253309523e-01 6.591140172667860897e-01
8.522806686795458830e-02 2.925195205609100735e-01
8.668739203093150936e-02 5.333844090968364871e-01
1.910386100781232277e-01 5.865448194430363804e-01
3.247725693442842787e-01 3.920595568493869809e-01
3.434760642547788900e-01 3.942670503324184339e-01
2.701204099454105889e-01 3.900916808208636510e-01
6.303797823478312079e-01 1.478417019291207168e-01
7.703436622867257944e-01 1.868646569381373357e-01
1.477648514672516011e-01 3.980755084973321423e-01
1.079706713953076380e-01 7.588063162120677330e-01
3.077659510761456829e-01 6.787683263742511075e-01
3.307810657710228974e-01 6.494555525147929220e-01
2.206793215245841377e-01 6.311430276945583229e-01
4.421386932521313429e-01 1.588110338830522328e-01
5.945741498887244791e-01 1.334575386922692841e-01
8.130460335874512001e-02 6.496868346705100272e-01
6.932927539834823905e-02 4.938715860069102792e-01
4.158039334387805125e-02 2.754330368654482886e-01
3.582445565560692935e-01 1.347332960007246172e-01
2.341438242816351045e-01 2.381262331087569128e-01
6.022028448802596579e-02 4.388438868874777743e-01
1.479128056914548461e-01 4.952505968732187625e-01
3.965953531915644703e-01 3.206307752856171200e-01
5.090135652578455794e-01 2.615872229476952082e-01
3.975384596344798127e-01 1.488963221677565563e-01
4.100967967798687108e-01 5.498131507741776947e-01
2.515740311191658751e-01 1.215621262937841562e-01
7.594702812909386314e-01 2.041999448482217927e-01
8.161232552592111444e-01 9.650826256308138451e-02
2.692996063930753747e-01 1.406680130114741356e-01
1.093152976181228919e-01 8.156871260728181250e-01
8.220645433309808903e-02 5.196083304372629552e-01
1.672600965052682964e-01 8.140932311950298539e-01
3.952071956236664629e-01 4.251443925657549250e-01
6.993426426796349737e-01 1.367948314238333629e-01
4.466976715489759386e-01 3.424695954870129455e-01
1.433744703639416307e-01 1.048477022670488146e-01
1.683535570751311661e-01 2.530703489887647373e-01
1.512292205288838787e-01 5.576852570617476523e-01
2.030747894419121513e-03 6.337691203678810226e-01
1.700060710308513162e-02 3.377896029547338697e-01
2.470216618356396998e-01 7.386309325031703565e-03
8.364669029594110072e-02 2.678117126221215769e-02
5.944598596506170951e-01 1.520539418257640385e-01
2.026807063202724080e-01 1.715659414489062173e-01
5.597665354151541983e-01 3.902603261803155865e-02
7.110405927099794354e-01 2.067705578023653346e-01
5.569688959159192487e-01 3.577404834204113149e-01
3.887372867734424364e-01 2.478786635699133378e-01
1.208629005195838713e-01 5.337131052450975188e-01
5.014743246361530460e-01 4.730535851285722071e-01
2.808830356042940624e-02 2.640453531159558942e-01
2.990350013038788890e-01 3.067348104279548626e-01
1.738974726987248809e-01 4.269927618820955617e-01
1.785311138967403399e-01 1.999030161400197902e-01
4.509597543054695290e-01 2.114817688630587778e-01
3.725393255987665686e-01 1.675457364349762501e-01
5.897130490402838765e-01 2.611033044934012448e-01
6.396059955522132023e-01 1.912546668048465404e-01
5.760519573265103777e-01 4.138267946215626880e-01
8.473211063829808598e-01 1.271070811696326519e-01
4.004252870873588610e-01 5.850002931160945829e-01
3.708582384398115273e-01 4.424486685669110075e-01
7.369530062466422837e-02 6.703444597251424497e-01
4.511280141205590427e-02 6.009870177476814845e-01
9.451234771455145622e-02 5.835217498864264662e-01
4.902355390797848433e-01 2.544634957631760064e-01
7.495487970394996147e-01 1.900800667687873036e-01
3.844165326417129935e-01 8.277421520419485368e-02
9.300786145008910211e-02 1.921449971674319412e-01
1.467983329895613254e-01 6.387605856729502984e-02
2.584346997820434755e-01 4.812283508585935010e-01
3.566742078008312000e-01 8.926118303359281692e-02
4.876452385087191033e-01 2.050986256189907264e-01
6.530020420459103914e-01 1.221530017505177701e-01
6.963412353109322828e-01 1.745673323554309264e-01
9.365715899085189644e-01 5.866406260304019016e-03
3.581789802433356096e-01 1.801449609360872006e-01
3.927655478491698382e-02 8.553975502728350389e-03
5.311137776438712432e-01 2.003294357418797245e-01
2.789019602117976948e-01 6.487074066018487795e-01
7.397778523065010048e-02 7.215375423743061178e-01
3.012865823056248837e-01 6.441564722446220248e-01
2.532650028100993378e-01 5.290650711936943917e-01
1.126251894776522378e-01 5.890565336120954232e-01
4.521513552391023261e-01 2.080780402652036565e-01
4.666180666664760945e-01 3.361020821186202490e-01
5.252506177903356610e-01 2.288398077941957709e-01
3.667629923758662369e-01 1.219013333779634112e-01
1.263501121614499789e-01 1.307758327479101035e-01
1.389089861683466820e-01 4.941376746197950753e-01
1.452540261413134692e-01 5.742172731011480069e-01
5.894736022167199607e-01 3.506475311431355157e-01
4.816762758253137489e-01 3.554033397816373507e-01
3.514323174065693278e-01 4.827359915789563027e-01
3.984283840561992363e-01 2.631514196886803880e-01
3.012729417488713146e-02 6.873398203490258540e-01
3.195833876968786624e-01 6.611815576995707655e-01
1.623774599878728964e-01 7.668104476587019880e-01
5.955356264563965718e-02 6.518986800582902141e-01
3.846260479384055464e-01 3.609109251852190003e-01
8.611922066570054657e-02 5.119655348502495373e-01
2.681334037143655036e-01 6.153194701119947263e-01
1.792284829298901316e-01 4.441462102918871668e-01
3.116770535834464395e-01 6.565571301552723948e-01
1.761350513313588162e-01 6.943192415952720298e-01
2.626967964481616291e-01 3.765400591450168144e-01
1.722053465094307567e-01 2.349253240977756674e-01
5.573076202579816396e-01 4.091599117761685056e-01
4.265971270091855061e-01 5.683588183551835371e-01
1.898106519519442703e-01 7.254491234398776633e-01
2.498380934861626490e-01 2.878042255048531284e-01
1.729685019055846318e-01 1.619080437314734944e-01
1.324573347424174430e-01 4.370899441287212639e-01
2.889269122071188578e-01 6.698313217434237465e-01
2.074947272629425743e-01 7.789524438946854312e-01
2.915710233740090862e-01 5.471973771987677093e-01
4.059010425710347092e-01 3.589941773215147292e-01
2.563529720559261094e-01 2.629535240814528940e-01
8.246319412852040620e-02 3.068102763696535229e-01
4.024787704753298723e-01 6.203915937679438386e-02
4.874781799453953846e-01 5.605554405028845277e-02
3.561287118238797289e-01 6.054715298061279505e-01
2.961306221654667059e-01 4.347531871563108385e-01
4.507092703684997814e-01 3.917250371920827368e-02
3.493037489644021387e-01 1.496916674012312987e-01
3.709063589150339291e-01 5.409284660176735260e-01
1.036967433696988627e-01 3.699080049591545460e-01
4.199943299297885790e-01 3.863194889230405216e-01
5.668203192096605836e-01 1.305415410291017042e-01
8.390169172414518872e-01 1.032907769372743284e-01
5.577845318438536815e-01 1.034722957650847652e-01
4.692227714229290081e-01 1.409439227836103148e-01
8.389720799058593137e-01 8.621971326227051424e-03
6.515340462740590866e-01 1.032507004745130408e-01
2.125361609097631277e-02 8.921467645478824149e-02
3.503123110884589497e-01 1.194180156276136856e-01
4.258850938603581660e-01 4.814118931292040715e-01
4.401238060197945057e-01 2.212842541245318984e-01
5.800042576573092301e-01 3.235634336578881443e-01
2.344324264716061701e-01 6.979614232952198183e-01
3.831134283482738878e-01 2.711648906709834272e-01
5.505109099637360837e-01 4.017541319319962723e-01
3.564177488263962079e-01 1.633212247673609951e-02
4.579526308831974313e-01 4.786528292347994040e-01
5.930563258045553621e-01 3.826412884669170289e-01
2.019901312893481737e-01 4.322065720034877767e-01
5.517258679951893008e-01 2.135369901767396605e-01
4.380987352879520680e-01 4.707066752967161705e-01
1.636374510573673224e-01 2.029108960728622790e-01
3.750470411156613948e-01 4.256049880623864468e-01
4.203261144706920138e-01 2.520674835655660750e-01
2.288508148633567885e-01 5.042365114784377322e-01
5.677581044504603769e-02 5.087439949862679889e-01
3.156929637746563322e-01 2.759123255324630319e-02
3.100198097890852211e-01 2.346953801426467923e-01
6.890649860795675097e-02 2.341521533287601875e-01
3.711627274105484542e-01 7.837777153124786400e-02
9.928243140835291136e-03 4.556450180406139139e-01
1.367597526260808660e-01 3.606521808689582276e-01
4.694865956227363413e-02 5.974020116361679067e-01
1.019493392938319309e-01 2.047886829849571710e-01
1.192607558362861198e-02 1.402019178035378011e-01
4.549677444639463886e-01 1.799234278363973094e-01
5.949386110912165959e-01 8.102069174751042047e-02
5.476439375342900817e-02 2.322875243760880171e-02
5.367062120957107885e-01 7.535252779401210854e-02
8.135197862584406803e-01 6.690190414128198426e-02
6.641378363805128249e-01 1.955384920975042351e-01
2.878408691399290120e-01 4.928248566510897710e-01
2.038613166442252433e-01 3.365963904968309883e-01
2.584367034196199397e-01 4.698181947612287690e-01
2.030246043950059975e-01 8.731543940946007165e-02
1.955640147845308929e-01 3.052531384961197358e-01
3.411340014821738764e-01 4.561220601299288968e-01
2.152643375014079152e-01 6.250841447175951027e-01
2.628391861387503470e-01 1.588520762145899101e-01
4.807318302171024182e-01 3.354539012199209136e-01
1.595024412193723484e-01 3.691530291335180514e-01
3.556571379441818559e-01 2.786088119632923465e-01
2.941674557425589254e-01 2.786745380933986493e-01
1.149281806886442436e-01 6.343593236010002245e-01
7.631259036877360291e-01 1.526292302118022470e-01
6.105423671177222511e-01 3.106349034284304755e-01
6.912941139008579317e-01 1.439112536345682480e-02
3.565584879481578651e-01 3.635082264858230383e-02
6.528666173510531134e-01 7.065333977546370270e-03
5.659756777707085629e-01 1.171507528836908674e-01
3.163993815419848810e-01 4.259544951519024236e-01
5.878489314646806463e-02 8.742606885313981557e-01
4.479421810042286123e-02 9.272571717138664571e-01
6.602912490734004491e-03 7.911231250181923746e-01
1.802042895913985865e-01 4.013785679646457716e-01
3.925030797066431099e-01 2.169096528574207816e-01
7.437507624598439504e-01 9.011397482846494889e-02
5.149490889165675434e-01 3.210179928613974276e-01
4.516202083116004906e-01 3.209858164623323740e-01
5.212336046824483926e-01 3.606505319240009833e-01
3.586681906011392473e-01 3.071913353498534338e-02
4.733861700446310161e-01 2.237107834075766633e-01
6.019529854335743391e-01 3.879262969260558469e-01
8.020702043377447854e-02 2.405388999977027820e-01
4.278137893816305048e-01 2.280760355736163869e-02
3.334210211541425717e-01 8.551790184832380737e-02
6.191880160889784435e-02 1.345747288459581137e-02
4.049500579558210078e-02 9.905648433926668439e-02
7.163225658119895534e-02 2.324299286540190690e-01
1.799937567931413351e-01 7.673457978063724649e-02
1.560387716663928781e-01 1.311485329392682864e-01
9.433190029096784335e-02 6.289982218307134387e-02
2.258683533933921739e-01 3.678290630608455625e-01
1.068507451681724729e-01 3.969576596576294691e-01
1.743369941765055553e-01 5.288574312997397220e-01
2.961137851000897325e-02 7.618111290342299835e-01
2.125426923643146393e-01 2.709847753761239764e-01
5.973582204227514958e-02 4.525620299641323063e-01
9.236507209954468445e-02 1.392162921846298862e-01
3.365762660027104003e-01 2.018311702959699749e-01
4.351889148645540217e-01 5.300961254594674377e-02
4.764542107475293053e-01 6.408823574550556734e-02
2.989173830631244311e-01 1.362315346991826992e-01
1.411463217115399849e-01 2.185543638880714234e-01
4.254408508591092097e-01 2.939593997287371918e-01
7.961125830477999710e-01 5.649007700501074147e-02
3.065228362041140242e-01 5.298468786538823583e-01
1.735870684495359750e-01 4.344639528725893207e-01
1.211870054856865331e-01 8.434613561452053432e-02
4.570459400369035752e-01 1.471132088996225384e-01
3.218842308392766971e-01 1.405984657130933957e-01
4.953345503199699240e-01 1.519492057083155490e-01
2.570081062249076620e-01 2.516489009355196704e-02
3.930473202168619506e-01 4.194550216794633579e-01
2.380186461506850759e-01 3.413309194127737700e-01
6.742837132074007700e-01 1.593968150619644863e-01
5.546526305836319004e-01 3.031633120231935208e-01
6.799645484655955086e-01 2.333066387256333973e-01
4.053581348850262556e-01 5.316826232024691734e-01
4.079239757045316495e-02 8.840277713728993403e-01
3.333100187456760621e-01 6.558812430870911703e-01
3.698972161588623964e-01 5.353046233288392131e-01
5.297774193256445940e-01 1.998709916850052171e-01
4.108697381388527470e-01 4.071905471867360848e-01
2.023972924114165184e-01 1.473048031631978838e-01
5.548804252659390590e-01 2.891246038378276206e-01
2.104033420160824619e-01 4.880723858470534804e-01
7.336786320696836450e-02 6.149691310428342383e-01
4.438515278411770404e-01 2.411761565132854446e-01
2.306286793035776106e-01 8.562670480633408077e-02
3.870060763070795606e-01 1.523788835066023362e-01
2.617499547912230939e-01 8.228162723783785659e-02
6.020997160222909539e-01 2.755294012133400194e-01
7.651498293562921660e-01 2.284312206455401117e-01
6.055904317709924767e-01 2.649626500175439880e-01
2.001376794581765650e-01 4.406891575768959179e-02
2.591098983605402695e-02 5.855981756068362465e-01
5.814894876382314948e-01 1.901005872723581791e-01
6.560814904757990007e-01 4.554067695212107858e-02
3.930766073767205104e-01 2.892024843284962121e-01
4.499170310510230975e-01 1.089898249799330643e-01
4.887299915762123304e-01 4.687387210261310944e-02
4.910179041315727577e-01 3.098206409367963987e-01
3.824405392540225490e-01 1.558559514467739160e-01
3.650120551114513501e-01 6.514644677620468061e-02
3.693525925689419842e-01 4.723600480791935174e-01
4.473263512009604814e-01 3.658895711487306079e-01
5.751528649782911007e-01 3.911272770749500416e-01
4.512470974650079070e-01 1.633489112827296308e-01
6.678348640641046385e-01 1.673882838299882714e-01
4.233394708937376905e-01 8.114485648393786332e-02
6.164664215999710040e-01 1.690779501816530861e-01
4.900809882465758660e-01 5.094145417455505642e-01
5.092102468445341978e-01 2.522286469080469162e-01
1.273081825437199499e-01 6.459364811144223673e-01
1.004509999441209889e-01 6.730637714047598141e-01
5.411137855723741064e-01 4.113027352879153331e-01
6.081396867574196952e-01 2.727693938642183902e-01
4.006964622207781490e-01 3.588433221870999112e-01
3.083901044573134076e-01 6.855623212005901301e-02
8.519000847990997327e-01 4.911630804574335096e-02
7.052961143486793372e-01 2.347926876092113757e-01
9.191770050743901521e-01 2.557699379423203356e-02
4.764059036047654794e-01 1.579763305302693821e-01
7.376634761767052462e-01 2.031169487849725785e-01
3.901900210766346966e-01 3.470836654084441530e-01
7.319772506877009199e-02 6.016089380158553546e-01
3.761785796746981991e-01 1.858647498354709660e-01
2.300732213162047235e-01 2.152634946875956468e-01
3.259803637916011132e-01 3.329232070491777162e-01
3.433930657409094978e-01 3.896367117385692858e-01
5.690351023537826292e-02 7.550230381135452085e-01
4.181857518381307259e-01 4.535058296246052834e-02
1.949994336487596847e-01 7.656261262356785224e-02
5.987170245929495094e-01 3.392047451643143835e-02
5.769325144330734734e-01 5.365675813651243908e-02
5.088677288347311922e-01 4.229055164812969281e-01
2.262683406670099595e-01 5.304298910106741705e-01
3.957321173912636825e-01 1.151611723208973426e-01
6.403373037759224617e-01 3.591060849732740090e-01
5.765495839483483209e-01 9.924578278172091483e-02
4.128678362499531573e-01 3.059698231398406132e-01
2.611990833503533560e-01 6.098757042781691728e-01
1.156038264204622135e-01 6.483071448267112569e-01
1.222408244655544957e-01 4.756379647617120510e-01
1.803782153112075681e-01 4.268684451044535977e-01
4.742241538615347141e-01 1.209485142521072309e-01
3.293716807994684914e-01 3.883017441730621244e-01
3.230015050794253773e-01 3.462527621497397678e-01
1.840839015050681204e-01 4.952547218938913032e-01
9.526350495889562842e-02 8.101722677673450779e-02
3.946464900209106230e-01 5.106265868991377577e-01
1.770783975230998952e-01 5.822870877422647862e-02
1.201071976782666639e-01 1.389806204316044735e-01
4.315008015385509710e-01 3.296625578785314370e-02
5.576506859665987248e-01 1.145804981101510717e-02
7.511796508410326645e-01 8.638338040965548581e-02
5.488426355404465440e-01 1.134383859222967278e-01
1.953994632633621609e-01 3.472612641665004385e-01
4.769115006055060224e-01 3.139958778181085042e-01
2.680298191626805937e-01 6.907105304630469789e-01
1.733266931766777597e-01 7.196125444532428528e-01
8.304037768164256039e-02 9.108128762071830975e-01
2.932674225316300731e-01 6.323844317733779974e-01
1.269122715546068814e-01 6.375616119834899287e-01
5.637905176889672632e-01 3.230343369353359528e-01
5.388971123176167222e-01 2.334407434628068545e-01
5.961186700532568050e-01 2.257084594029979963e-01
4.812887559239094060e-01 2.696084354929416671e-01
3.086441989943948250e-01 8.360033588255175174e-02
1.957580357758697542e-01 7.168112657934155862e-01
1.794390096784292954e-02 7.582390480835101698e-01
2.629485748773512377e-01 4.598213992195828714e-01
4.981673842417204123e-01 4.597493481101342372e-01
3.083106047883857337e-01 7.950960766602949148e-02
2.678831375813394144e-01 1.597630555843758959e-01
1.584920751685259255e-02 9.677773592454698148e-01
7.521836733986797530e-02 5.088379999575596280e-01
3.432117422730747158e-01 2.030210336291276008e-01
6.009263489106420053e-02 8.908746289395721996e-02
7.967604961344565417e-02 8.355658540617162677e-02
1.814962772875100550e-03 6.331583094493117847e-02
5.409675581161266233e-01 1.434351323007450607e-01
2.496379464409843041e-01 1.240547430734984108e-01
5.096678629953642625e-01 3.337343703157952257e-02
7.137744654313668002e-01 4.356925937454892567e-02
4.505964871273255845e-01 1.625338652312232346e-01
1.502013524838433645e-01 3.272399926870632192e-01
3.347636157617113750e-01 4.040257002977651890e-01
4.678062135360986362e-01 4.390443454893631081e-01
2.174293984193261808e-01 6.923525664414831304e-01
5.340859486588230842e-01 2.631798769578640451e-01
4.693611178981557108e-01 3.517143455671888352e-01
9.881272467933999160e-02 7.906551300408767302e-01
2.198788632390205888e-01 7.517473039429247716e-01
5.226892948991351817e-01 4.625511851941189745e-01
4.881991352239725135e-01 5.078549214087190178e-01
4.988029043172763077e-01 1.087848940911835816e-01
2.292027907518558449e-01 3.287853483186555792e-01
4.327866530911338439e-01 4.572038207219443207e-01
3.684870295234044524e-01 4.141393456060563083e-01
1.537914211416134824e-01 5.831434624249279830e-01
1.726862574458755406e-01 4.472928474982330593e-01
7.419843831106276433e-01 1.568018648200193987e-01
7.503201042407802168e-01 1.291209505678895808e-01
4.588244881158860533e-01 2.537691049255557663e-01
3.642253200210813224e-01 8.764290618894723939e-02
3.005430680899389140e-01 5.300865104204121048e-01
4.236371438005488987e-01 2.737097591314636147e-01
6.892815101285545420e-01 1.483531905402084572e-01
8.606168392464457195e-01 1.108223018259687498e-01
5.743337695963638412e-01 4.653321136777188727e-02
5.877265938072721019e-01 1.669507643852870538e-01
3.198126947518222241e-01 1.409174278089416477e-01
3.225382667172465578e-01 2.604317657705748634e-01
4.447030599815250951e-01 2.085033041276782295e-01
1.142042808279936095e-02 3.651834016883040435e-01
1.064931198733513884e-01 6.978169033519392439e-01
4.017342354361357337e-01 4.057131837503004101e-01
2.593923473182887518e-01 3.949553756294994500e-01
4.356938763879646404e-01 1.108393015288305361e-01
5.428219951805960397e-01 6.710505276972356103e-02
5.960226199286753346e-01 2.726033331450714581e-01
5.655102099798582360e-01 3.536755610741516009e-01
4.692245078930166735e-01 1.874372851011966434e-01
4.910601089398297092e-01 3.048410628897046948e-01
4.425578888414106737e-01 2.262559978459215970e-01
1.182892747893102836e-01 3.558368504606147509e-01
1.890761485449646562e-01 7.818991039039957514e-02
4.360785653494068104e-01 1.837136000148117954e-02
6.676328331555441142e-01 7.227318613190121532e-02
3.273099966807942462e-01 3.522592751989491733e-01
2.183901592573836703e-01 6.549109916704862755e-01
3.608480820081373386e-01 5.692399608319458348e-01
1.122020460905517325e-01 1.790625958476114721e-01
5.513872814275293521e-01 3.396385514117568061e-01
5.266661468449927996e-01 4.690515272602017172e-01
2.296563430089570423e-01 5.203244463065630487e-01
2.562466029503677745e-01 7.151599926510369132e-01
1.825232157050408199e-01 7.855906195303072881e-01
3.817769874950373565e-01 3.735622786656017658e-01
5.615174472873580847e-01 3.377020841691841802e-01
4.906480298235617044e-01 3.367100634391322345e-01
4.853756232383404923e-01 8.540044370184612932e-02
6.200320945859899568e-02 5.139492465572131907e-01
7.494177146696074931e-01 1.102302016877996782e-01
8.264218023382260414e-01 1.696408368552913826e-01
6.524439481741126645e-01 2.252620892312489076e-01
1.797089134271404598e-01 6.209343316869826435e-01
1.586502994310065029e-01 6.635267001341083049e-01
5.554185955704733502e-01 1.098716638901010567e-01
3.531915952203902309e-01 1.405212534086257847e-01
3.114363314152768236e-02 2.131174471018499883e-01
5.725329883693536237e-01 1.175959565662590550e-01
2.274430403367222464e-02 3.451784475418280262e-01
1.298628468153058546e-01 5.264939394744154733e-01
2.967618562834677398e-01 4.588325018547840251e-01
2.718527487611670512e-01 6.420752061244517916e-01
1.963060471956176167e-01 7.360778130689306087e-01
1.431823497094827369e-01 5.929899621705516655e-01
4.806710725939447038e-01 5.105558923990654030e-01
5.557280928456342917e-01 4.781424078604329386e-02
8.319813281126052784e-01 1.379069294458615813e-01
1.298506534695975656e-01 3.624931828019020141e-01
2.509054052485650277e-01 4.736849808477563983e-01
3.838320727770028196e-01 4.504879943622739913e-01
1.716446277546090915e-02 7.767643396668508782e-01
4.600555998378850209e-01 4.763945548059948520e-01
2.911245204804133180e-01 6.606534883337650266e-01
2.471819841644548876e-01 3.612498476386255541e-01
2.093312003491056006e-01 1.592870629835824170e-02
2.147948003168315412e-01 6.944676052670233357e-01
1.590179099326230472e-01 7.363050584659617259e-01
2.809067926433911344e-02 4.035272157787230807e-01
5.110040277145244669e-01 2.251278983294623115e-01
4.496179064874006315e-01 3.114835576488182989e-01
5.319756359405500845e-01 4.208627336199961544e-01
5.889303936733913947e-01 3.730791406434970647e-01
1.315829264283878142e-01 5.784485332763171783e-01
4.483768896915748536e-01 1.855715463944156429e-01
1.481563021740218700e-01 2.139536877271355775e-01
4.120485086070527769e-01 3.810157418865611767e-01
5.889613011211267679e-01 1.643057047258853764e-01
3.640286168734448990e-01 6.434868489612842468e-02
1.123912840757914644e-01 1.710255622739350057e-01
3.491083409854848219e-01 1.240745922158653092e-01
3.080646888618747137e-01 2.556079831530641000e-01
2.691996634964349822e-01 1.044892883558884433e-02
7.972415789897011051e-02 2.395271862144409958e-01
1.897272190405465547e-02 2.403916953036898674e-01
4.060978343152822911e-01 4.773656938075701017e-01
8.055334516839487424e-01 7.310721548966037098e-02
5.887937897264092779e-01 1.509559681794138408e-02
8.971803544794731966e-02 3.312859572033016176e-01
1.094933108789078458e-02 2.268412902972701262e-01
3.752605596430755863e-01 1.795889353694832269e-01
6.866231386490211364e-01 1.036626166327018483e-01
1.648687757032675227e-01 2.434512650154644076e-01
1.885740404196936393e-01 2.120067352889929979e-01
2.595674632811950655e-01 6.483055074001520257e-02
7.028208274165498315e-01 2.812635651038567497e-01
1.817119030157543502e-02 6.035812321728115659e-01
2.565317412292600352e-01 3.093028104421244873e-01
5.866408160319507292e-01 2.051496666424186821e-01
2.532590258064909561e-01 3.008308460451049049e-01
5.238490236273523060e-01 3.199525647076167933e-01
2.212469528928709406e-01 1.346833351542569279e-01
1.910656879804465968e-01 5.743995264990122696e-01
5.239986453721505733e-01 6.870274291526268229e-02
2.377494378743905123e-03 3.247330965818936988e-01
1.364902297002996423e-01 1.062668690303029961e-01
3.171185328668073566e-01 2.484397338730076621e-01
1.700327495275637812e-01 3.158369697692539613e-01
1.572023384143408919e-01 3.188065480459154610e-01
1.736202419485931014e-01 9.801111062428202736e-03
7.817719510827489393e-02 6.286610845124493419e-02
2.779031345053740720e-01 2.527218745995164495e-01
4.997279910086744881e-01 1.283866007157730138e-01
3.571250924279162908e-01 4.210914022773198928e-02
7.805424770292834769e-03 4.539965516054212946e-01
4.838447626854022188e-01 3.443956820462924506e-01
4.786497950184028238e-01 2.298353828692106804e-02
3.007359960379387687e-01 2.459326510104042907e-01
5.262417408060842128e-01 2.172551566856076311e-01
5.905084800510965737e-01 3.134229008658513393e-01
2.997967440900171088e-01 2.941533694072545058e-01
1.727718466630921434e-01 2.042195443755146500e-01
4.055753175785710707e-01 3.286240750660365806e-01
5.826372238141209747e-01 2.899883264925703363e-01
1.551790279163768882e-01 1.887163487005562301e-01
2.613024082237505596e-02 5.472242742470777577e-01
1.065403828870825076e-01 2.307666260425420002e-01
2.446402234255822816e-01 8.637207240356753468e-02
3.500744994169810997e-01 3.356984462883152998e-01
4.346347450530025358e-01 4.521578571466722818e-01
5.431723759346746006e-02 2.452851387502578140e-01
3.153464858353278999e-02 2.612636947844663715e-01
4.367331811780058026e-01 2.421270197681090752e-01
5.534434713772670156e-01 3.845857709726769325e-01
3.525852831926484798e-01 3.841789950345909088e-01
2.796079015527283551e-01 5.811000046896857008e-01
3.905713928232042442e-01 1.057106822274123115e-02
2.225968172116629673e-01 3.053569418306514849e-01
1.333033287764962826e-01 3.118910716097595404e-01
4.286155306120731368e-01 5.660880520982449760e-01
2.808338385431311535e-01 5.798717781987571263e-01
4.129842753474021189e-01 5.232762554267906818e-01
1.570234835166776644e-01 3.847607048941136254e-01
1.731807985688978979e-01 2.162331040031567897e-01
1.838276382246756269e-02 5.102051589170110146e-01
2.507037752669396546e-01 1.049576018666892874e-01
4.196098283629007275e-01 3.961455999428447616e-01
1.602274018908147468e-01 4.326115432205029920e-01
1.170591987015792840e-01 7.212143191268038933e-01
1.560582325629578104e-01 5.348937694502774454e-01
2.830408031483393483e-01 8.213164539416228926e-02
2.756076621903158497e-01 1.199724365591919029e-01
2.839609928925390658e-01 3.015829741679884601e-01
8.491929851399021567e-02 3.826357324405005311e-01
4.651275844352572020e-01 4.995602100036549698e-01
3.725219807689944540e-01 4.721682086246200560e-01
5.710711152779548438e-01 1.877885695026914603e-01
2.336913861330189857e-01 7.086956840159588378e-01
2.681029253036326665e-01 6.537071352588985640e-02
2.596145367507449175e-02 3.554595216035017491e-01
1.098868232099746850e-01 1.962844134723463196e-01
3.773577856634562355e-01 3.534084366901976137e-01
2.171045777450630876e-01 2.652249746633202343e-01
8.479931017642605706e-03 2.041179914373702220e-01
5.657447604114859002e-02 6.026175863431001978e-02
3.325778271998479640e-01 5.140718214957595844e-02
2.850976865452182207e-01 1.762939102648544976e-01
6.361267065009049149e-02 3.814247390095892865e-02
5.256258131839643966e-01 3.108286893482919977e-02
3.477105985245997344e-01 3.501111585606921928e-01
1.635409519428761005e-01 6.786170549672591035e-01
8.816915943890196727e-02 3.090535591310513142e-01
7.669716847318371056e-02 2.556582071649294852e-01
3.827697845413840505e-01 1.838572205705264750e-01
3.586542950796483553e-01 2.882773738496614557e-01
3.317305268841805876e-01 3.148677287675406555e-01
3.683568300630618575e-01 8.353988539168738514e-02
4.379804183263621975e-01 1.447311108324951801e-01
1.729428318192705594e-01 3.844466443435901049e-01
1.941855313027873731e-03 2.217807268609867100e-02
5.151050126662819473e-01 4.895597953675925873e-02
3.296895008480381084e-01 3.190287571462383509e-01
1.496943204844779496e-01 3.300628742278766126e-03
3.515637969949639841e-01 1.852310959669342671e-02
3.290335923110809802e-02 1.874417984483331689e-01
2.871431378064744910e-01 8.549476972086096638e-02
6.231680472475331634e-02 6.855514880400737088e-01
1.297503595539823418e-01 8.236421200401095044e-01
1.113101318775868431e-01 8.720571670539444264e-01
1.601670189307836667e-01 6.048357589223954944e-01
6.564014096162254508e-02 3.818805191479640593e-01
2.144723714491184319e-01 9.471678638261349370e-02
2.985959765033645574e-01 6.318127974426279714e-01
2.201876759801859040e-01 4.679892842778994311e-01
4.201220337814931538e-02 8.882412472835778949e-01
1.479801259567740668e-01 6.443409088376786942e-01
2.711799470658110556e-01 2.519524919855093414e-01
1.281186650699437379e-01 3.629524329519438486e-01
1.549996014060613658e-01 5.236890414128085869e-01
7.643438635190460961e-02 1.299274108117772775e-01
2.069834294121642437e-01 7.348177518718727874e-02
1.358312302265057281e-01 7.808637111496255501e-02
2.979139123897233676e-01 4.164022251398790120e-01
7.355123304877966284e-01 6.148657240945321067e-02
5.892752056716845654e-01 2.953860101805186877e-01
7.859240426484936926e-02 3.860304961267089219e-01
2.177910861565118261e-01 1.235903869163119673e-01
2.776294725935070096e-01 6.033134508540853869e-01
6.000150174041793960e-01 3.502558176135194823e-01
9.094472503425528043e-01 6.087226682511670539e-02
7.910251198475468648e-01 1.877676551055487697e-01
5.636682150162991567e-01 3.874823053613667412e-01
5.615841401915813158e-01 4.255207201799665606e-01
4.220606547087049076e-01 2.031065503627572932e-01
6.047063499529705677e-01 1.357677673927769335e-01
6.677670151994126169e-01 4.434648473654004275e-02
5.397362247423552750e-01 3.242186660885144622e-01
2.344760406101227823e-01 4.808765242490612435e-01
6.381499163767270222e-01 2.160027645883109138e-01
2.657335504683849825e-01 4.370991287077816145e-01
4.306906884460920404e-01 1.140778036147308550e-01
6.215590982331221648e-01 6.418160850482107493e-02
4.567998045990850908e-01 6.905525484110791590e-02
2.089259071798341694e-01 9.113866406697018752e-02
2.150223926084376680e-01 1.933435233366408434e-01
4.600344986980721140e-01 4.051756945780987662e-02
1.821452319060725134e-01 4.037637730049208340e-01
5.112628294083625402e-01 4.748387744877087813e-01
3.267911807319495709e-02 4.587248747378067093e-01
3.460149787749527417e-01 3.949228500350153159e-01
1.398100322523782024e-01 5.122949174980884202e-01
8.406474403704460030e-02 2.721935965991935102e-01
6.157640139446556027e-02 1.526723927532428193e-01
5.881612021896224229e-01 4.978521950218657566e-02
6.581555244810495253e-01 1.978288334549472838e-01
2.183513866535469194e-01 6.372841579289143521e-01
2.945490460961819323e-03 3.654657065718332487e-01
4.985112885827502893e-01 3.555156580353822093e-01
1.867629455055203058e-02 4.080755560625630163e-01
3.978053558918051014e-01 3.344769840944139538e-01
3.833625088825003968e-01 3.368126419482768141e-01
4.305244633569040857e-01 4.068064373435233971e-01
3.294131043435188366e-01 3.346765553772787505e-01
2.000172596335501318e-01 6.435527172081055847e-01
1.172111803186029616e-01 5.746984278229551046e-01
1.469131710935534796e-01 6.705962164778623835e-01
2.090776855661883593e-01 5.520363874055964626e-01
9.387010268080600572e-02 4.016595554533562984e-01
4.226347238544062024e-02 2.627533347357791094e-02
3.240830709394439957e-01 2.064010506173339921e-01
1.148518503132815727e-01 2.042177829044004023e-01
3.117118397398449536e-02 1.474737220768931878e-01
6.838743744922815004e-02 5.604365647246473126e-01
1.099124238569996470e-01 6.361314477805027900e-01
2.771330922873297964e-01 5.550846915547691385e-01
2.203188736136716119e-01 1.192877820654287269e-01
3.643295005482147797e-01 3.045491373504390087e-02
5.244687016450533257e-01 9.125891799053609255e-02
1.820224587937386285e-01 1.437389812043032844e-01
3.090980906450584431e-01 2.838435746332045317e-01
3.823715947436763241e-01 2.703408211107392045e-01
1.155527473511159808e-01 2.672175232954993596e-01
5.120294232107468202e-02 3.532354150739712706e-01
8.551674480704338221e-02 5.487008496449368167e-01
3.065359840941431768e-01 2.158460256149390966e-01
2.311102669259362252e-01 2.357551245464042933e-02
3.901391062057656400e-01 5.270939077383419991e-02
5.601591438964227399e-01 1.556177069627851794e-01
4.585246636604900505e-02 5.192652670099662249e-01
3.052929359886503713e-01 4.945004572151476263e-01
3.511774161639114045e-03 5.483211471755267130e-01
4.409684289853651462e-01 1.639852390784287128e-01
3.895458146296052471e-01 1.869305326132926492e-01
5.387172634112609160e-01 1.311632620703002405e-01
4.048057852850825422e-01 1.694444165824418314e-01
3.386615057317903243e-01 4.882608250642860304e-01
1.932243809584165417e-01 4.343026773447613009e-01
4.586559591989480822e-02 4.317973680949782622e-01
2.379907931627392170e-01 4.382144202373236541e-01
2.812883136094593839e-01 2.731089978765922632e-01
8.675500434297797048e-01 9.378360920014866542e-02
2.631365811136299193e-02 5.221005974820709383e-01
2.673041342183792857e-01 4.009686461203920693e-01
3.595982838427741468e-02 7.476746420859412545e-01
4.304573241885946699e-01 1.971863776120911238e-01
1.861712123366127125e-02 1.157285833456243723e-01
1.194071297569767737e-01 1.470449219997120860e-01
1.245093512402103558e-01 4.937520983789426832e-01
4.506075290184918813e-01 5.327507703318049570e-01
4.371230172895129718e-01 4.358799691601956128e-01
6.099346120031758911e-01 7.967237541058824757e-03
3.579234319104018791e-02 5.581032634200631115e-01
1.402206376053253822e-01 6.288521557443182974e-01
3.959532286186218109e-02 1.097829483814449780e-01
5.493970941519130124e-02 3.984625130652036384e-01
2.523960013573015582e-01 6.435188005860721372e-01
1.690161625886940633e-01 5.763302328969929222e-01
4.495730815120529411e-01 3.892238097669205033e-01
2.125171580290707851e-01 6.270302684901684076e-01
3.020562718337945762e-01 5.851325507394169456e-01
1.031495028247433332e-01 8.584973438357772491e-01
2.531681507165449707e-01 6.069138912331778490e-01
2.881349252988993914e-01 5.547941142122994052e-01
4.120017408976005546e-01 3.547618397449594507e-01
2.813019783318608802e-01 1.738187013329024477e-01
3.425008790752927523e-01 5.176741729252276603e-01
5.078059867726425480e-01 4.384782479214732187e-01
5.234367557492313194e-01 1.920414236857973245e-01
2.882061391850499477e-01 4.788919156044294523e-01
5.833089790961719645e-01 2.133912578885765465e-01
4.304507946665639406e-01 7.696966123643605995e-02
7.094343117490777839e-01 8.877618676880637272e-02
1.264899565282504579e-01 2.608624740796871566e-01
6.747190052189640241e-02 3.800180362876173223e-01
5.962059836822418690e-01 2.827288683507534484e-01
1.802362320637261317e-01 1.180161197887562574e-01
1.993472655823785578e-01 1.660555811727920938e-01
1.208561331144011874e-01 1.430911716403715506e-02
2.215435784568424993e-01 1.105640175330204616e-01
9.261356627179187506e-02 3.017764383311934417e-01
1.734909118272741912e-01 2.978776291397668419e-01
2.934638349747880071e-01 1.681666994411592786e-01
4.731915914475963159e-01 1.671620084076372303e-01
2.656329254542733609e-01 4.239943073089001979e-01
8.600847144557384194e-01 1.355902181111068860e-01
2.769303634232839206e-01 3.602785605666183333e-01
4.729058611487831909e-01 3.120711510849871750e-01
3.363819206089709857e-01 5.276821678277354710e-02
2.055031491348787986e-01 4.174804334512287607e-01
4.354659897564402971e-02 6.255934236771595325e-01
9.817487414009308522e-02 5.943033864622472295e-01
6.091721731473288548e-01 3.137201438324629943e-01
5.145093834823870615e-01 5.186337998037965358e-02
7.039132606367574096e-01 2.105673999604005531e-01
6.451572777015202043e-01 2.010109126008131630e-01
4.263725779631077906e-02 7.679481296436876381e-01
1.392305830382826320e-02 8.320804182038561425e-01
5.550226023942422121e-02 5.132715506398031202e-01
7.977069971377966084e-02 4.123712988331413309e-01
7.983045895148124238e-01 1.792113614022224355e-01
1.772571555663418064e-01 5.463274146257706132e-01
1.802953503890722398e-01 7.649820492050992682e-01
9.570533485831922427e-03 5.898706890481367759e-01
9.617730602916752664e-04 5.867620106059542318e-01
1.510068722734280999e-01 1.190208869408371783e-01
3.617544014499142202e-01 8.954722733707240478e-02
2.837607304750310311e-01 1.640656815580248395e-01
4.405657291729891401e-01 6.658686358555626628e-03
3.523865599103970792e-01 5.640519428856987094e-01
2.820553450234855042e-01 4.595497716496528273e-01
3.409500252239819895e-01 5.501895665744942487e-01
2.424476929376464529e-01 5.533414912429135413e-01
2.101136950754409205e-02 6.393947669719066695e-01
3.583464598390554423e-01 1.781269771179747607e-01
3.611627379782502145e-01 6.318234960944335565e-01
1.916470457035450436e-01 1.386911342996030583e-01
9.560497992024390157e-02 3.026618861538100669e-01
2.814293619413792413e-01 5.886473492026340626e-01
1.528717393095490040e-01 3.776795272436682116e-01
1.296572544307347530e-01 7.234699017803787324e-01
2.327297855179507047e-01 5.173415212816752096e-01
1.531200849610411252e-01 3.996419218207263313e-01
5.654126159416036357e-01 2.123596933996912128e-01
5.633215074780092424e-01 1.989682784698077467e-01
2.723125550497418335e-02 8.231633977346615172e-01
2.032597107118697122e-01 5.270446498311791572e-01
2.892711007289616720e-02 1.697645492246641075e-01
3.007783362583382192e-01 1.445702830938581374e-01
3.802683893102906110e-01 4.587930074568512540e-01
2.485875234653553700e-01 6.174440212932779115e-01
4.416892967060750963e-01 2.778292274566751541e-02
5.051519550011107640e-01 3.453884260779665483e-01
2.091328350345584286e-01 9.947772972128871016e-02
4.315584902090911501e-01 3.494777733789515839e-01
2.903603811689178249e-01 4.172358155320456952e-01
6.325986061085689949e-01 1.290274214480016113e-01
4.567092584178481518e-01 9.581361219397517559e-02
1.299419264389574669e-01 2.415617742658249245e-01
1.741848023886994890e-01 5.060498589467455899e-01
6.185902358585014804e-01 2.210800154809534068e-01
3.028585500917610474e-01 2.875220815695969656e-01
2.365865083523135126e-01 6.401282837318073016e-02
5.598390274804617706e-01 3.754612144771788951e-01
5.409770398273301417e-01 1.440318835899873084e-01
5.841155955473645855e-01 1.979302139925650794e-01
4.931165567218911416e-01 1.279976961766972066e-01
8.273781423563770776e-01 1.048164096335491152e-01
2.997001050445931014e-01 6.346238334195430930e-01
2.161969335160580097e-01 5.292714393963431352e-01
3.499296319240572939e-01 4.930267953832934702e-01
2.057604121418676879e-01 4.367856893022185605e-01
8.258563285366020690e-01 8.322263536203605705e-02
8.205801495195474971e-02 2.943494131040034212e-01
7.023585245246098951e-01 2.440122424980794846e-01
4.163590751076841068e-01 2.370037108851801855e-01
5.201709857281231475e-01 7.782599524575911643e-02
6.287808803083148046e-01 3.017655910763290539e-01
4.157437592868521437e-01 2.302804724036818795e-01
5.456474949588050460e-01 2.601576659038548067e-01
6.934489567845336655e-01 2.059864119011234618e-01
3.475588157905954989e-01 1.641125560579364262e-01
3.720878112647408864e-01 3.797869474231652109e-01
8.599563626220957380e-02 4.542358787754761651e-01
2.313146840756452882e-01 5.047601276864854825e-02
1.020694661470298581e-01 5.210248877494685904e-02
3.770495300912546366e-01 3.580554402694642313e-01
5.714196577301212665e-01 4.062361711503699735e-01
5.626677182250927611e-02 8.329521914811240935e-01
1.989645369470414427e-01 7.595346098616165831e-01
4.071949046615606083e-01 3.864174413473686065e-01
4.930038008350097201e-01 2.887127001987316310e-02
1.410636126632289211e-01 2.004937577447185593e-01
2.426844577754737053e-01 4.831994096567360231e-02
8.450222122030701111e-02 4.377776526105584542e-01
3.819336444964374633e-02 7.135555926385014347e-01
2.532345651211435622e-01 5.622164100784416974e-01
1.527848379911553311e-02 6.259513364923731116e-01
8.771256862294517231e-02 6.267058220004793068e-01
1.426337011770199836e-01 4.783320706808831813e-01
1.764968079251029720e-01 1.596414884944317158e-01
2.583099662049933576e-01 4.969681135721578658e-01
5.079717559987284581e-01 4.062724049071875232e-01
3.386414706042902845e-01 3.535339403956879178e-01
8.559808828851799278e-01 8.658826920856632636e-02
5.074402609576137424e-01 3.710369937419580877e-01
7.712787224262002139e-02 6.932865619392030165e-01
1.524669823973648364e-01 6.204778713815070068e-01
1.056294312871317032e-01 3.056084793627304452e-01
5.508382889221034862e-02 4.277400105375094297e-01
1.366298930495827291e-01 4.389113560020339033e-01
3.450787661271830786e-01 9.738697491655956551e-02
1.041469774917726521e-01 1.108348443999239430e-02
8.600299912037028260e-01 1.267687834300791905e-01
5.601071406303268496e-01 3.336636587318373981e-01
6.155868148714850330e-01 8.996325476749916783e-02
2.509186478969542278e-01 4.669487665572712998e-01
6.753314355171496919e-02 6.700591544198941651e-01
7.606745737691575360e-02 3.205985880447376202e-01
3.635185898384482028e-01 2.945787838747953580e-01
3.570477987053393143e-01 5.423582358629591704e-02
2.220874134751488760e-01 3.175412025874118083e-01
2.375021377137048473e-01 4.711611106799949988e-01
5.411932578069170163e-02 2.885387297336632906e-01
2.713348602586047598e-01 5.468852991047885581e-01
8.320654228055478496e-01 4.849188359749012633e-04
7.339714827476979675e-01 2.251723036283098944e-01
4.713861936006207842e-01 1.960316899346266628e-01
2.785548505084354254e-01 1.160586537862126622e-02
5.465014720548013738e-01 4.477019096923793295e-01
3.169380862870793125e-01 5.097798205925722081e-01
6.849016859689338599e-02 3.015678981507090017e-01
3.810372681624352165e-01 5.267914261347639293e-02
2.688521812720105486e-01 3.251896983163875265e-02
8.555257819017716425e-01 6.045266232133476164e-02
4.925779361550540192e-01 3.457216499105008056e-01
3.708312233653359158e-01 2.442747965502468643e-01
4.604300672968194008e-01 5.073202982328837152e-01
2.477923986058191697e-01 5.892605204189591550e-01
1.380558807256871967e-01 3.746733892949942191e-01
4.393244931892911209e-01 4.351720544842320737e-01
6.801280129368735272e-01 2.411671097385066076e-01
5.577666309903941411e-01 2.087030422532923923e-01
9.577596046669722973e-02 5.891578659358678305e-01
1.238022177771869597e-01 8.138131520071592018e-01
9.156813473167114970e-02 4.951076560982235475e-01
2.739406164486615225e-01 2.293402376886503613e-01
4.070585024880478131e-01 1.493349413589514785e-01
5.448793016655368859e-01 4.020896710996319512e-01
1.875225824838059885e-01 3.637035907488816999e-02
3.277760398822573973e-02 3.910096913252648632e-01
2.327706809524027753e-01 4.127974488772531148e-01
2.667812692497806837e-01 5.409905546455229253e-01
2.893517968457975931e-01 4.068675132989540977e-02
3.803677215744377116e-01 5.830956380212655166e-01
6.326487372758513583e-01 2.931294607944325836e-01
4.386376171612934582e-01 2.979603126157504556e-01
4.974970346107613905e-01 2.718500450990439798e-01
5.380481135212885624e-01 3.136546253930184158e-01
4.100632341444926388e-01 2.518318482355820231e-01
1.337625511987424187e-01 4.804577344139859818e-01
1.442820976117320519e-01 8.117991745501585976e-01
2.051628317559306969e-01 6.683474701235512239e-01
4.249367446491415512e-01 1.994840630323292952e-01
5.576097449742098977e-01 7.345738783929786631e-02
4.998751742713490320e-01 3.141515661581729679e-01
1.127151712302649766e-01 2.646585502445912286e-01
2.699766034562128825e-01 5.424301680362202394e-01
3.415929504174666786e-01 1.596866630317376745e-01
2.382860125257416917e-01 8.624340879604491805e-02
1.036774924558975242e-03 3.959166321870085659e-01
3.540110292859011132e-02 6.162655229397642209e-01
1.647582543195834637e-01 7.533514104326372030e-01
3.212594430355729669e-01 3.758516218535044029e-01
3.847465538195743995e-01 3.037577314546114904e-01
6.651397605043000150e-01 4.460196876195909876e-02
4.850672790698606907e-01 2.647067796783922899e-01
4.989164503579751608e-02 1.606848278501776806e-02
2.706689775047582680e-01 4.043932946095556424e-01
9.168889885833971798e-01 1.069814991786155467e-02
4.080194531932874735e-01 4.566164807648404045e-01
1.896063083376842151e-01 5.507775587591777766e-01
2.602249958470707614e-01 3.499389777326008533e-01
4.012116768217054985e-01 2.247170928111620614e-01
9.837689343859845614e-02 4.025836658854753392e-01
1.020683906332832958e-01 8.732088508692055218e-01
3.465475091393781515e-01 5.455133364799720219e-01
2.228846241058333455e-01 1.431866111687408738e-01
3.403874629401587582e-03 1.703963592462049703e-01
8.322216013773638954e-01 7.252317474948899445e-02
7.773857032968026770e-01 1.301259401265464355e-01
3.219933337511057814e-01 9.112022807976308258e-02
4.074124023363016600e-01 4.871477373017855106e-01
5.400091938151347914e-01 4.127783703798226789e-02
5.771849904478971727e-01 3.360843190823853410e-01
2.330445110007989817e-01 3.780088700049029637e-01
4.869516428844155587e-01 3.032099912604433456e-01
3.588672038416377275e-01 2.372417266429670546e-01
2.050220844590047720e-01 1.014222710947444428e-01
6.774974533240898933e-02 2.034533242993597224e-01
1.740615173071816124e-01 9.157418211733157898e-02
5.808703965169794703e-01 1.030351820541343388e-02
3.956308718460717633e-01 1.659799957214472821e-01
1.523704248542895323e-01 1.388727806996297720e-01
5.520585205658252725e-01 1.240827306639937927e-01
1.990482127459871631e-01 3.600520939399522447e-01
6.538694382194367716e-01 7.423267654154619422e-02
5.624317607443711786e-01 2.402624751199617659e-01
8.307399455645276820e-01 1.533955899895940167e-01
4.280807954495756129e-01 5.189112110537825728e-01
1.447857537201274747e-02 4.389573642675145271e-01
9.477242401681969242e-02 4.026577332616288474e-01
5.505779287626192398e-01 8.549783393463949999e-02
3.704679731872084769e-02 1.332881855413666494e-01
2.736039098825367444e-01 2.435785331477044457e-01
3.481041928835164612e-01 1.535794838956907604e-01
2.157922090351284961e-01 5.280292764300569264e-01
1.403696422435680713e-01 3.655083322498612897e-01
5.645620155999792056e-01 1.757078076751212303e-01
7.356561677345562211e-01 2.258210109770572849e-01
6.008209307167718949e-01 2.554256475401820992e-01
6.985821322067796713e-01 9.780625346621685257e-02
6.004709158803851476e-01 7.456712729327887035e-02
5.227437721651975178e-01 4.205876250931990801e-01
1.507598222069380656e-01 2.244757332817003403e-01
2.096269809156039443e-01 3.668335218137745990e-01
3.086359626822872126e-01 3.419566775468865227e-01
4.366793445556844677e-01 1.946205519550388285e-01
3.987096023490374064e-01 1.273988250551805201e-01
1.281743282615286361e-01 4.135812568851585103e-01
4.518528171514291092e-01 9.638008291468608268e-02
