0.000000000000000000e+00 0.000000000000000000e+00
5.025276732212007325e-01 3.128499159010557640e-01
3.499738525792367438e-01 3.128498924244657031e-01
4.256179187865695157e-01 3.105620189730988190e-01
3.745431427047902773e-01 3.225564144265492539e-01
5.440697927376250131e-01 3.627577614198319589e-01
4.111552662654187618e-01 4.009998589715876305e-01
2.594602204006246637e-01 3.641284952306188538e-01
3.241459948039181471e-01 6.694567159105411225e-01
2.452472190345410530e-01 5.084297649437325983e-01
4.759802159792888010e-01 4.161788962155044680e-01
1.724449965225786641e-01 4.137745003899779839e-01
2.181518183599024385e-01 5.088410224987028885e-01
3.089940942337353058e-01 4.912715470778180604e-01
1.205926015724508582e-01 2.651104650209594737e-01
1.791179211303189633e-01 5.558577104660513690e-01
2.586835135112880435e-01 5.371782891826493156e-01
9.549493763147340331e-02 3.222065018272314285e-01
2.654177977243328546e-02 1.224782454867391623e-01
2.917120594926206345e-01 6.204699331469391010e-01
6.355724147003655178e-02 4.395774228681051943e-01
1.784255911006963624e-01 7.377812368041563040e-01
2.051041705171648966e-01 6.087706267397159365e-01
7.205135409648480427e-02 6.663698833310404135e-01
5.898491035334121890e-02 4.400285734519973069e-01
1.483457843449662028e-01 4.393370805495558362e-01
2.293225137136497560e-01 3.636489633118474840e-01
2.392270962811212376e-01 8.666168990075684420e-02
5.122684254358572664e-01 3.774292096153846199e-01
2.781963968050700231e-01 2.782179228946440874e-01
4.300200330296848339e-01 2.718732504307189157e-01
3.940797360988071429e-01 2.058110825871937721e-01
4.724390539486579277e-01 7.555496148528303979e-02
4.945041000575883250e-01 1.537526503292467317e-01
4.022960002211327657e-01 3.837985948782822176e-01
3.996422710010194002e-01 3.038030332048726745e-01
6.050625077160848297e-02 4.654108189086342273e-02
1.485318944976195266e-02 3.225375805129930273e-01
1.024637285859039681e-01 2.503440484968960100e-01
3.129573917600352861e-01 2.103676373897743757e-01
4.668933613697227591e-01 2.536908701226959773e-01
5.998152400547820395e-01 2.002473663801193904e-01
2.206312332907603424e-01 2.498964002375823334e-01
4.689687040316840028e-01 4.131182644490893896e-01
7.541746427710112055e-01 8.511058732654896986e-02
6.667809718693051835e-01 1.943465216133620221e-01
6.676552627044247679e-01 9.268765731793961182e-02
2.597230409042375898e-01 4.041850447687207470e-01
5.691460530081332569e-02 1.437475522488388946e-01
1.572031400297541071e-01 5.504140225204204317e-02
3.515826197711340029e-02 3.590297171942708615e-02
2.445302149655966262e-01 3.407616992406296147e-02
6.272216372015757546e-01 2.972367982395540120e-01
2.316135235370559986e-01 6.461469724432469253e-01
2.725901511198391414e-01 5.417936499830918740e-01
2.350185309775545406e-01 6.584245212905985856e-01
1.254754909318958611e-01 5.450982770954890810e-01
2.302535685598883775e-01 5.875534551201225808e-01
2.434214883849588063e-01 4.672064511153986022e-01
1.308030137737875576e-01 2.881485090830040452e-01
4.353490849482938296e-01 7.150657137353017001e-02
3.441919384661571435e-01 4.651312958993283897e-02
4.112495659798523495e-01 1.558133341139109618e-01
6.846085748011494498e-01 2.917613801136568763e-01
6.333458976863086676e-01 2.936449817662865613e-01
5.293732955822894048e-01 3.464722003415361407e-01
8.188289617561732570e-01 4.831214148735379910e-02
7.595751505313781404e-01 2.242515519930286805e-02
2.922171046460894650e-01 2.225390936540305176e-01
1.282642491535674056e-01 5.462452563245646653e-01
2.870830122312256760e-01 3.172181951421735313e-01
2.714444143243013863e-01 6.138256307393419320e-01
1.294695096787071564e-01 3.570832168028041931e-01
1.794176299974087896e-01 4.076884194508174630e-01
5.051837518629007096e-02 3.776378430091560379e-01
4.410914697412005037e-03 1.462358192302210536e-01
3.538264202550102377e-02 2.450965518490214046e-01
1.690633075859046541e-01 5.827206794077623986e-01
1.048702853042844940e-01 4.498073147593194543e-01
1.442504838067122375e-01 5.061328273977419023e-01
5.568731366027011853e-02 2.584900798340011852e-02
1.931648080003400825e-02 1.548541985425280210e-01
5.156462371668878442e-01 2.751924184264766815e-01
4.255063963827835916e-01 4.627569418662287326e-01
1.380872315915826487e-01 2.630602897990628741e-01
5.014661626483722934e-01 2.825923738088541581e-01
4.394717554402426396e-01 4.409024401187159325e-01
5.936373313690359588e-01 1.562681374020263858e-01
4.929663206585417345e-01 2.811140979002152984e-01
6.785929308498755974e-01 1.929714657232535213e-01
4.738857054253879930e-01 1.521826312712874774e-01
3.101819645246619572e-01 5.476338799218701814e-01
4.750471539366866169e-01 5.153773066973619255e-01
1.154414780396941786e-01 4.031085580275572955e-01
3.215405912140938405e-01 5.995131597173621874e-01
1.235704191579516109e-01 7.581174727706000427e-01
1.925094216912421885e-01 6.586791748019964476e-01
9.441514655504387732e-02 7.076418275299534155e-01
4.458663708920090896e-01 2.722648628063463194e-01
6.000132208285269275e-01 3.138521447410383414e-01
3.351096143079894674e-01 2.919703179246447289e-01
