0.000000000000000000e+00 0.000000000000000000e+00
2.881820843785953129e-02 9.240572083034225281e-01
6.849981462729327897e-02 9.240572394029770154e-01
3.424487388332675408e-02 8.715561631871231452e-01
8.155906682688623954e-02 8.988362608110799234e-01
1.165137335963243870e-01 8.489912262679393251e-01
8.560525524769131700e-02 7.972900884799258847e-01
9.133811720346646235e-02 8.184629027294444414e-01
1.605107695782468924e-01 7.755202372379653708e-01
1.348250347556903261e-01 6.345263862159127299e-01
2.046101699544903840e-01 6.740516380287630005e-01
2.269812839837273000e-01 7.562032925480388634e-01
1.471958165929081463e-01 7.013875874702114599e-01
1.449110929567305195e-01 6.503669877741421468e-01
1.055352493769122352e-01 5.882253962415862070e-01
1.717271590161487116e-01 7.071422809353961059e-01
1.617452488077450456e-01 7.923327838467183470e-01
7.261647930766801373e-02 5.752775484438501508e-01
1.389184444191583212e-01 6.302367085979649897e-01
4.008894042120567103e-02 3.862193552443501376e-01
3.627087907807337308e-03 3.597829093336227246e-01
1.535495918871338239e-01 4.921229112053100985e-01
6.062210153527350376e-02 1.146163078197982021e-01
1.242685361906830516e-02 1.298370465068749702e-01
3.328610973391619710e-01 5.488690365014829986e-01
2.881253950944162590e-01 2.776340504109777174e-01
2.946700360689281095e-01 2.588677899431608420e-01
3.900690565686117939e-01 1.483389401819219522e-01
5.936081140513120857e-01 4.035930198421294191e-01
5.965568572339435827e-01 3.275887121523001766e-01
6.109051953077047070e-01 2.588873411010163550e-01
1.471449857432127195e-01 5.940035311991547218e-01
1.256972127846693321e-01 7.467147555322006802e-01
2.548781645488845671e-01 1.225126383319141699e-01
1.095653564582722839e-01 1.750349860407583447e-01
4.796121290240634716e-01 2.871613293786928756e-01
5.051575209089171903e-01 2.274978484684272440e-01
8.189428354706707047e-01 7.871030791244931768e-02
4.699782636680157055e-01 1.612377572773499856e-01
4.948313215750710925e-01 2.547533209929172537e-01
3.862374418642441909e-01 5.780980929375572064e-01
5.964913932440668587e-02 4.422897868719241066e-01
2.035221078061371369e-01 1.960896136772728726e-01
5.096186233970748658e-01 1.541719071784821427e-01
1.897911192262697333e-01 9.357787613074416977e-02
3.765534596018970115e-01 2.099171459710254262e-01
2.626540660007039008e-01 2.083446022979795198e-01
3.451859691973427346e-01 5.567582020611694382e-01
3.640979634948504073e-01 1.496823629443527759e-01
9.566894093164228785e-01 9.463424858615482327e-03
8.951136605508496213e-01 1.742112305577086379e-02
5.692380501807968729e-01 2.301530889573389915e-01
3.367478739808176802e-01 3.281252608739957388e-01
4.571699851981275708e-01 3.585536053144446900e-01
5.672909004709854042e-01 2.879341037228527744e-01
1.839736235532599129e-01 4.203354502254078029e-01
5.667042940329107825e-01 1.668893850461067307e-01
5.806753888995275226e-01 3.644015617568952536e-01
2.589472238892845390e-01 3.261036248283697980e-01
6.467114767258399510e-01 3.147158105430841735e-02
3.196964775489723465e-01 3.709043273595120094e-01
1.275657168655153217e-02 3.109838874270552944e-01
7.603291248119633527e-01 1.013717210051346407e-01
3.476579934921085191e-01 3.973574136946610436e-01
2.675123332147756328e-01 1.960622466285579790e-01
3.797199448556616286e-01 1.570074023325844226e-01
4.616251929506076102e-01 1.732201233638691606e-01
6.827763127036619029e-01 1.064492865827076917e-02
1.059917401588632568e-01 3.129245457157275867e-01
3.013379679062239136e-01 4.251835600035351326e-01
3.710125585284091421e-01 3.753689472629141988e-01
9.320856336362198791e-02 2.299552939144421659e-01
1.618668978646093937e-01 1.960811833565427598e-01
8.365663078137592912e-01 8.001973200331471969e-02
4.098437014453450988e-01 4.354627920615882219e-01
1.022817741797614199e-01 4.575310089595527874e-01
9.994382823811244487e-02 2.870838292210909359e-01
1.909252649085545483e-01 3.199938398601470668e-02
3.873582236542333357e-02 2.751402861617750495e-01
2.028898598561408584e-01 1.341565271980048601e-01
7.470522266131067735e-01 1.491101042370407415e-03
4.770929940911026179e-01 2.119804791049863801e-01
4.939007686423382837e-01 1.259240900613173286e-01
2.717510427210457213e-01 5.075977989251874156e-01
5.303664274805974799e-02 8.091980444967261654e-01
2.216056612391014424e-01 1.891788365218863843e-01
7.320161281153803046e-01 1.407759222263920418e-01
3.912463373904592756e-01 5.358995976503420078e-01
1.490915193274695572e-01 2.867587579595223257e-01
3.441686995379834579e-01 2.946531525228602288e-01
9.063097859171698190e-02 3.433464808381510025e-01
2.695489008174880574e-01 1.051069386635334613e-01
6.952186628734826623e-01 6.069971773935810971e-02
1.039811876432417126e-01 2.079912347753702928e-01
2.834521972646741328e-01 3.104630283046322381e-01
3.120826733127091135e-01 4.519639895640157334e-01
3.708720385737147573e-01 4.078769658390112296e-01
3.786781497150483733e-01 5.334013060535000017e-01
5.418355916170805031e-01 1.779539016729749235e-01
3.307837857056020736e-01 4.420514337204933808e-01
4.147453201827134839e-01 4.260777627926294331e-01
7.917195002493837563e-01 7.873249110339330947e-02
8.512974819178987795e-01 5.002241346743555028e-02
4.869845631523460061e-01 2.313380699375401361e-01
1.459695952605477576e-02 3.265326525273631875e-01
3.602993063312831534e-01 3.718855311185140233e-01
1.083395539326192369e-01 9.703748298618752877e-03
7.031348610446639391e-01 7.441430467343479460e-02
2.015456430985478331e-01 3.348178082381049747e-01
7.997689914292158697e-01 1.245346281335916461e-01
2.633831125842933663e-01 1.647224405336946695e-01
5.351951787455961895e-01 3.586968647389211506e-01
2.301992825232496154e-01 6.755102995731121496e-01
2.026012185190921300e-01 5.555653310632502340e-01
2.137907161892095842e-01 3.623893121991488275e-01
2.581982167510375459e-01 6.263500327105686605e-01
4.037954939041066282e-02 9.574938520283498011e-01
1.138941582498261551e-01 8.441024251044526583e-01
7.257738995109580538e-02 8.885627097140508246e-01
6.313649577254907275e-01 2.645809944180865791e-01
3.658980621953399348e-01 2.296573405127705358e-01
6.176104543174245620e-01 8.995836350022393124e-02
3.920593922971482570e-02 4.322276110839066154e-01
6.950047006142550110e-01 6.786239401213089995e-03
4.375936989788927756e-01 9.453338792216890718e-02
8.859467709314590156e-01 1.082530600133125714e-01
2.862114519758949260e-01 7.086871718202543136e-01
9.589427857449156489e-02 4.695613215357795633e-01
2.817547945664784503e-01 4.111286658268247796e-01
7.145841692246933663e-01 2.667999954409562280e-01
8.319371737842669035e-01 3.971425457683652738e-02
5.575765643310928166e-01 3.131617401780745769e-01
6.009397154707395439e-01 3.678228959843706791e-01
5.344791646157901477e-01 1.393857174120664566e-01
6.327925318392972898e-01 2.434354238942274540e-01
6.017606133102875177e-01 6.560402511453150565e-03
9.489238078074813121e-01 4.848290688929988990e-02
2.938973850451688241e-01 3.721516725295777039e-01
1.880954324587756632e-01 9.334181771103960967e-02
3.370529258690571628e-02 6.051004088715419837e-02
1.954193721400872830e-01 6.046911800444255691e-01
6.129722654021998451e-01 1.771486853093841574e-01
2.538799334538396346e-01 3.462249729798358988e-01
5.271054217246315954e-01 4.332419496270680792e-01
7.991792330526498178e-02 4.436763249804104858e-01
1.353521550131202011e-01 8.064065750561482115e-01
2.931535877681616942e-01 1.174279793714235742e-01
3.347554307596372070e-01 2.701242718405835186e-01
2.816568503846578753e-01 2.225834425203027378e-01
2.599484516224553343e-01 2.916649155183715925e-01
1.513448290944666152e-02 4.862303847294471293e-01
5.579669561794000643e-01 1.564621719091605634e-01
9.829978357472946016e-02 5.299874584404905553e-01
1.294029908254124561e-01 5.197492847816034267e-01
2.553436959336533585e-01 2.910496918824256318e-01
1.089143603024922968e-01 7.279057871807542712e-02
3.314288495836193449e-01 4.989870052744733719e-01
3.097030361100920892e-01 1.865571517548432756e-01
2.744382044939797094e-02 4.770452585026579984e-01
1.319149152361593635e-01 1.562304006855342320e-01
2.351720875472998185e-01 1.397780400476014706e-02
1.587652893490721639e-01 9.403945414388904800e-02
7.221864954374080936e-01 2.274727614120763963e-01
7.751539225842039027e-01 6.044618592616327057e-02
5.035771126063637304e-01 3.872682606176599540e-01
5.208071587240435951e-01 2.573174451963069487e-01
3.413078009766690735e-01 5.211515393095264015e-01
4.910512609485245261e-01 3.875093038002471735e-01
2.470051541391843630e-01 3.325763566148441930e-01
2.040327377635864914e-01 3.269168953241243236e-01
3.103560811414328713e-01 4.097078373648911365e-01
9.002050424815900564e-01 8.173140387654442840e-02
3.743872912069129422e-01 4.624089350263051457e-01
2.408972633196965196e-02 7.694341619489537543e-01
2.079707803988156689e-01 3.301983473483395271e-01
8.261894572458011732e-02 5.313428584481391104e-01
4.204315926176209195e-01 5.511975976069606320e-01
3.265043228457165103e-03 5.075092601337116704e-01
3.708384654547922099e-02 4.385966233133824499e-01
4.176859459266252239e-01 1.956250386784605666e-01
2.599746820824470062e-01 5.330484368631897008e-01
5.667036556158642213e-01 3.895827829821372768e-01
4.212130278255789562e-01 5.387755525016465485e-01
6.227163167616236450e-01 2.364219792169656165e-01
6.277395230773674673e-02 2.110974324575483618e-01
6.819219954401484207e-01 2.485855709252690060e-01
7.607565327410112932e-01 1.836937222574281381e-01
3.817843080578660619e-01 3.957965353151730037e-01
5.765234886249798185e-02 9.051948700286883698e-01
3.684185819995487443e-01 5.399703996880219625e-01
6.695604875098060127e-02 7.092408051380407752e-01
1.846916222699675758e-01 7.245593392988090020e-01
2.360371290083255191e-01 6.476010667648303132e-01
4.055574911203274624e-01 2.850120833410887955e-01
4.934070242571453324e-01 1.958260103953732290e-01
2.304273337644485720e-02 2.519246271008212523e-01
3.887123031310580901e-01 8.104531862373060003e-03
6.099138466237716827e-01 1.355419369592229806e-01
6.502383088006954415e-01 1.499481663341345472e-01
2.529001569089477375e-01 2.647425456516441789e-01
2.646792041680532948e-01 2.345212689787650739e-01
1.299970114511112551e-01 5.480236433367662308e-01
2.670980594410681253e-01 1.206471616130447844e-01
4.819403346457616366e-01 2.797280707242011388e-01
2.226629957912026891e-01 6.147019232145354284e-01
2.509545976243106047e-01 7.353117127254739094e-01
1.428419053144287520e-01 6.909923028887747787e-01
1.879818462204868035e-01 4.264823817659986749e-01
1.684026825368759583e-01 8.228058632936853245e-01
4.297696055079254784e-01 3.067255425058044160e-01
5.682451108577940557e-01 3.982088798918783645e-01
7.647541290324524343e-01 1.832461124814691311e-01
1.389780827971934807e-01 1.908713397862130401e-01
3.646907613652633495e-01 2.986674621062445634e-01
2.008530703101586157e-01 3.424261914397387363e-01
4.036523095205970524e-01 5.805675319919672006e-01
5.087889611079529084e-01 5.395470760810983091e-02
3.113043138401085930e-01 7.740207128977091844e-02
4.559450406561258440e-01 2.114599763318366354e-01
2.091596532037086620e-01 3.068191958083860138e-01
4.549810158114673819e-01 5.216704462137558007e-01
4.889297937275355888e-01 1.622526426971321323e-01
3.637927831801052170e-02 4.815795705394141368e-01
4.272541466167975033e-01 3.096991457532619618e-01
1.159969259316103174e-01 8.347337084270955998e-01
7.419165224197318831e-02 5.957604591628274937e-01
2.845006470993848291e-01 3.665066853340174235e-01
9.714280019670740174e-02 6.280264679566294195e-01
8.235437438597693893e-02 8.377479522669142309e-01
2.387330894462247333e-01 2.012207924969257045e-01
2.784956467917448220e-01 3.394157711991141468e-03
2.681355734726889040e-01 2.601922610511525624e-01
6.561975993465092305e-01 3.239277024005047800e-01
7.541252925225172543e-01 1.527899061983127582e-01
1.343567232584007565e-01 2.409133532320648086e-01
2.007542504819149198e-01 2.454512860767906479e-01
7.024002981560508729e-01 1.449950902811891207e-01
3.258410133989869117e-01 1.010205859753959129e-01
5.914205381387341864e-01 7.733736971684779249e-02
4.168797942070577300e-01 1.549952300637039149e-02
6.487675945384585585e-02 3.156171640946291435e-01
7.679837598978396240e-01 1.227397152702682237e-01
4.434960671870965543e-01 1.543649732607268177e-01
2.706269926554317751e-01 6.477177888217990065e-02
1.208794936658524888e-02 7.013763802963356442e-01
5.202821612994019268e-02 7.229607913983331358e-01
4.585818585379529133e-01 4.603561143550562451e-01
7.471957406609814889e-01 1.265860413142923524e-01
4.102302628824848751e-01 1.943691347885221354e-01
7.729369472408020858e-01 1.048713001624743540e-01
8.159750946411903350e-01 1.067523509481110300e-01
8.747011311430576974e-01 2.373292957100876788e-02
6.492187892543112016e-01 1.121145922883355905e-01
1.142562709734936677e-01 4.885943602704345134e-01
4.487785865407194485e-01 4.416691440949962466e-01
8.141276787371187762e-02 7.326935280668159800e-01
4.711911194171691797e-02 4.351936446918794887e-01
8.562174092998057207e-01 6.519006870685351007e-03
8.789873482640412350e-01 6.098257908025680324e-02
4.589034119915444410e-01 2.094832013690370032e-01
3.521638186628210931e-01 2.990335326120383552e-01
4.565340420712654668e-02 3.306049635852844615e-01
1.089543800163076254e-01 5.380247683968834016e-01
2.544885614201599644e-01 3.512105336347851048e-01
2.482509799332817124e-01 5.282153176003954176e-01
2.308672494224954241e-01 4.810119697669140715e-02
2.431574938155597332e-01 6.163969367618058470e-01
1.408652415414325676e-01 4.850039991549934815e-01
1.524153901513358722e-02 7.411989758097539127e-01
1.165654499223399143e-01 6.629366805047157696e-01
3.729851594192741815e-01 4.781954504796213645e-01
2.208022570573782151e-01 2.176108198627882406e-01
3.958631007826912684e-01 6.501872893238114237e-02
2.168002931648303766e-01 6.489166539678372647e-01
6.240467979637246421e-01 3.293069927824487930e-01
3.558791338122878622e-01 3.088122050749928516e-01
5.590366431360542787e-01 3.237298716003150778e-01
8.005801412194218925e-02 8.055324341179748160e-01
1.005419014060308092e-01 1.184395490480660840e-01
3.408784912927571020e-01 1.173933127570155194e-01
5.888815107148536176e-01 1.746661213349403052e-01
1.921839985908727066e-01 5.369088147675586953e-01
2.996074240941138944e-01 3.311262586397220042e-01
3.783057587381171150e-01 3.879202747837406928e-02
1.116492294075042691e-01 5.763080245446421113e-02
3.607281644255156960e-01 2.614168268551086416e-01
1.455782264125731196e-01 4.415301545030593799e-01
4.271022499643499504e-02 6.224546934756354233e-01
5.009798628550106436e-02 7.224763113794043790e-01
3.165990881620638353e-01 2.211509450894054707e-01
8.047050585787234311e-01 9.348471843481837018e-02
3.951248545038043014e-01 4.321307308979523421e-01
2.372932367182039315e-01 1.218441046221786506e-01
3.774775135964024697e-01 1.651475930652205604e-01
2.596620655301789538e-01 5.761663447067886246e-01
1.706780103693686379e-01 3.623042107736543782e-01
3.425638500217410565e-01 5.395802187456116839e-02
4.057133380764470498e-01 3.605967321992296082e-01
9.738101292671413889e-02 6.296791866004372018e-01
3.426216041720583916e-02 7.520567997980975861e-01
1.507318394917819826e-01 7.330246002013434126e-01
2.682933591762372005e-01 6.104455734519254051e-01
2.681676960953395250e-01 3.765003244265200388e-01
6.376465361056926628e-01 3.777521120839311131e-02
4.587732718403024768e-01 1.526624580638213380e-01
1.235331302609729009e-01 3.136032597920199172e-02
4.048956647530395636e-01 4.688117379583762734e-01
5.412860813606612531e-01 8.531433291087264781e-02
6.820818005719254673e-01 8.099986517542664965e-03
1.084671589673235070e-01 1.633967583301725313e-01
1.673745341149951993e-01 7.671956200873637499e-01
1.123068947378064175e-02 2.365585550129943870e-01
1.261374486777754600e-01 4.011088031465944170e-01
2.056329383328991400e-01 3.346302541500725258e-01
1.558980635508196155e-01 1.068706171376341552e-01
2.700542251671245730e-01 1.478054581449878002e-01
1.685509842514785750e-01 2.027593291400715259e-01
1.806330203686681846e-01 4.310344899345709413e-01
2.018528113151961956e-01 5.005622549774837449e-01
5.875959878064960229e-01 1.128125249176669675e-01
2.887823844728679701e-01 1.473991924441054036e-01
4.360963106018430624e-01 1.407490415541026996e-01
2.559366857354872238e-02 8.582313963948069446e-01
3.375794977115090800e-01 6.044477819666469465e-01
2.924039618493057824e-01 5.763318948657677465e-01
2.594374285299776983e-01 6.532985350846947092e-01
3.045755708284411667e-02 6.837791404517038485e-01
5.294630830307700542e-01 3.421291508425639560e-01
2.668754693968018454e-01 3.408935963081055065e-01
2.967869195107080138e-01 2.524050381902763207e-01
2.312066584211825981e-01 3.648749875075064097e-01
9.439096122583345849e-02 5.024234769645549159e-01
1.562436412117549078e-01 7.695724596661253081e-01
3.904373235337024739e-02 4.349893155512550291e-01
4.499068547072154756e-01 1.783148918759225876e-01
2.493540091128932934e-01 4.178469724326625001e-01
5.126079260446676500e-01 9.959617021924704883e-02
7.329115757385425978e-01 1.049750542611112281e-01
1.333212838209180129e-01 4.055277330910047606e-01
2.041969220028109766e-01 5.312596513986781455e-01
7.438194409326888135e-01 2.197627053271755670e-01
3.350628958936142099e-01 2.607827912655302782e-01
4.333156566658473152e-01 5.219394092126530271e-01
2.090220872164672006e-01 2.915335653768166280e-01
2.432911019061590741e-01 5.075252261404614718e-01
1.201503826352095100e-01 3.110751368698607688e-01
7.192797420954230025e-01 2.079050783509950873e-01
5.611236966004273796e-01 3.397961055435816391e-01
2.919977813045710469e-01 5.820660872514410444e-02
9.559050257480639079e-02 5.519811981722205774e-01
2.752213737059774346e-01 2.536533750169202572e-01
1.705349653357072226e-01 4.030780551812100376e-01
3.663743408235067278e-01 4.695684483068778281e-01
2.455242443723284484e-01 6.030909990020142386e-01
5.179819854132769463e-02 9.445755623521117084e-01
1.654948307981874145e-01 4.846364759956792723e-01
1.533122520659131460e-01 3.349154349875106962e-01
5.099438361329288183e-01 3.589010962619813006e-01
1.983399209107077898e-01 5.399744922214115839e-01
4.185221902313971398e-01 4.953957172675168552e-01
7.084494450861679171e-01 2.566322640028011470e-01
2.900272836740341309e-01 2.736014190888321207e-01
2.276868681071752831e-01 1.062539416673772275e-01
5.211708064170598176e-01 3.368714465756471599e-01
4.465017192954797154e-01 3.656839742751700761e-01
1.700701837109710457e-01 1.058366514571230654e-01
2.654030690423413441e-01 5.732755121101056339e-01
2.387634185821256028e-01 2.155700731696825745e-01
1.766882252151950605e-01 4.186156501626580040e-01
6.588861227616413796e-01 3.117857797696187427e-01
3.431051512963383399e-01 2.704141539484705148e-01
7.727286198515870286e-02 1.073610873945137767e-01
2.223381200640234256e-01 4.828913452079437729e-02
2.520110610522527939e-01 2.956715996361993226e-01
5.277907192891342358e-01 3.196029094978776186e-01
2.146535738467607590e-01 2.404147495041020210e-02
3.696963576205532509e-01 2.460106166811196204e-01
5.879891518505839798e-01 4.590370208640012772e-02
1.532401305896826660e-01 5.015295951431580912e-01
6.020950347985666307e-01 3.099075385560693396e-01
1.738998744860165702e-01 5.103145276792110385e-01
3.659497920784905434e-01 4.834061436555750491e-01
2.957859855612563482e-01 5.104008350258292248e-01
1.205695093096812442e-01 3.972149525600272013e-01
9.200438224685909827e-02 6.041121337798512902e-01
3.018016956344866664e-01 5.256223668456437847e-01
4.133119712334276108e-01 5.141191659946184878e-01
2.406577312964439663e-01 3.404135790052398858e-01
5.216390216296495907e-01 1.614195729547456548e-01
5.925504560947540966e-01 2.943044009383272708e-01
2.067894410646324843e-01 8.446909788858583679e-02
5.018315784970990290e-01 4.237361861183985834e-01
4.113312306625189763e-01 5.267152863005672980e-01
8.732998847512628560e-01 9.857640096127440188e-03
6.905757834757438873e-01 9.115250775142265394e-02
7.833462395569009695e-01 5.934389250200969995e-02
3.218471021462081527e-01 9.778510047989540099e-03
3.916188765891244206e-01 5.372629072496111838e-03
6.062816401855509740e-01 2.858303633926091436e-01
1.131115158988721947e-01 2.384683844656487195e-01
4.769399404896623729e-03 5.928399802047578104e-01
5.572512643555836975e-01 3.404340434740549814e-01
3.667172019433411756e-01 4.685890578834548403e-01
1.612287046782299726e-01 2.093799135973980485e-01
1.491666940964972154e-01 4.899737987294620067e-01
4.050115965672768104e-01 5.755688683400475014e-01
1.357474054159841237e-01 7.704304604708219761e-01
2.053960519204653945e-01 4.824521464427463657e-01
2.771998497609010070e-02 6.845494516879095936e-01
4.432164121686985592e-01 2.155368394642153129e-01
2.313022469011490889e-01 7.037825766712597630e-01
1.605555750083482724e-01 7.041049442256419599e-01
4.143202494278687698e-01 2.705650880743893372e-01
7.665970570451130506e-01 1.089541004027427817e-02
8.877805232611186703e-01 1.084904291872411386e-01
9.994156663201503310e-02 3.723885516221611125e-01
9.528732622974875333e-02 6.809214506576088954e-02
1.628396800247134679e-01 3.224815390117001801e-01
2.934260150013380253e-01 4.806059646421831366e-01
6.704125538865027267e-02 3.678772952199835800e-01
1.304439542029389720e-01 2.443903219501478152e-01
2.752500894425363165e-01 1.745327881897661415e-01
2.327629261861809962e-01 1.575171059989557976e-02
2.167017897726212783e-01 4.936889821371731601e-01
6.014604438266729636e-01 1.189165674791184957e-01
4.438242245630724114e-01 1.128453176847214467e-01
3.341214214472805200e-01 3.477138286106103982e-01
1.822867843786843134e-01 8.132970477638988838e-01
2.119278336718163624e-01 1.479773297330141402e-01
9.226050496504669685e-01 2.030159328991976153e-02
8.909297651854195532e-01 5.443121239423159841e-02
5.113771164169113037e-01 3.133586130903617817e-01
5.391979737180948584e-01 1.843166087559977573e-02
5.303055572413133412e-01 2.531335358951800618e-01
5.829058019743308394e-01 1.321094118485595104e-01
3.454700504647960080e-01 5.969007736860765245e-03
6.019208618370430752e-01 2.399209935676201721e-01
1.954364919506414999e-01 3.977570685541147455e-01
4.714532694790863343e-01 2.745731343807543690e-01
7.254645472458376432e-01 1.360765977481992739e-01
6.386947686947236358e-01 1.022603309930342902e-01
3.248500377845545128e-01 4.484547193030309631e-02
2.155794040678212786e-01 2.643233662089983227e-01
5.247931628477356392e-02 4.117000358525855219e-01
1.783554722821474592e-02 2.110160982845495081e-01
2.374183850184810596e-01 6.985575957274101633e-01
2.033111040173161410e-01 4.294197367937162557e-01
6.901564000875952676e-01 3.642491284811627539e-02
5.194701018439786822e-01 9.882288054200617788e-02
7.784581956670426628e-01 1.011109706397536750e-01
4.135879789654473004e-01 1.667463991666563450e-01
6.061857787449643764e-01 3.103634907597225823e-01
3.181463242175375239e-02 8.891294456630981502e-01
2.424499003689830623e-01 7.086403704132654413e-01
8.027908854468379651e-02 7.270799337734697998e-01
1.337664824251641460e-03 7.020721924772387323e-01
5.752500924482238931e-01 3.620260144181810524e-01
1.079446685595510935e-01 5.610233221960637673e-01
9.277936752821443200e-02 6.056394475395476817e-01
2.735010651564435125e-01 1.927162484011734067e-01
6.741584019325534971e-01 1.689395456174975774e-01
1.616929876150228207e-01 5.951285345867900478e-01
3.123265737625571248e-01 5.465876535307515605e-01
6.101423774305145820e-01 3.123004131549282913e-01
6.864423316766588012e-02 3.650881417204701607e-01
4.027528142906447450e-01 2.637332230041442571e-01
7.080962473693674930e-02 5.433013921412680469e-01
1.324418397055209806e-01 1.589941059003529000e-01
5.675292026883396179e-01 3.649341864086431131e-01
4.361480975791107717e-01 4.282020098632317584e-01
9.848321569976981049e-02 8.247445886709897644e-02
4.382776943164913286e-01 5.180205946636026737e-02
3.024588642688991746e-01 4.477394976894626399e-01
5.377887669857719932e-02 3.367927430894076535e-01
2.221281329456148423e-01 6.332921398458385420e-02
3.709656159038778322e-01 4.368214474909719314e-02
5.619752895574855467e-01 2.742043638566254993e-02
1.065568873557090068e-01 6.801277700379935176e-01
3.187799948180102816e-01 5.843162325569383198e-01
4.842027160369752892e-01 4.230288428758445241e-01
2.857198447411369857e-01 6.639214340343836396e-01
3.320697861809498996e-01 6.676356921027031266e-01
1.999050085839258473e-01 7.974024713468776948e-01
2.693562027824994987e-01 5.669131513082281693e-01
1.044723442125587154e-01 8.480377672830266000e-01
4.723990492548264530e-01 3.431280263622208393e-01
5.706337263595779863e-01 1.335057461861212658e-01
8.280442614925521694e-01 5.731579852100790462e-02
2.787930827768764219e-01 3.030816819941017926e-01
6.007897521701408561e-01 1.600369998422550843e-01
8.293459739648980644e-01 3.540163358609976774e-02
2.982946635095767851e-01 3.353682366967893347e-01
3.540630762899907302e-01 1.466762461190516120e-01
2.530057812569589393e-01 2.882118506971390604e-01
3.254196696481543860e-01 4.950616631039423954e-01
4.892648041724571017e-01 4.994262949390834150e-01
6.227471727559663606e-03 1.261963458067659194e-01
7.474278729471187654e-01 6.332308515254964076e-02
7.425489993361578112e-01 1.851789276476989987e-01
5.420921546264134694e-01 2.959830535866128098e-01
3.121465139018411716e-01 8.757019318933031982e-02
1.165799858536197275e-01 1.797128474246433294e-01
4.552949959400836577e-01 8.403038576688709460e-02
3.023331769280738213e-01 2.192640598690862308e-01
5.061665646371541483e-01 2.683994868879323592e-01
3.614778832747829185e-01 4.145510257426517353e-01
4.140610179891297538e-01 3.064706863421248761e-01
9.816186110468783088e-02 9.864380522074941982e-02
1.774690046274655097e-01 5.526832634869068839e-01
4.617645963069128556e-01 1.665400407214199796e-01
5.044208102922997927e-01 3.975813385356735674e-01
2.699219726642050343e-01 2.330067543591947954e-01
1.767815792099877437e-01 2.150699406122933421e-01
4.073328850095525588e-01 3.068703681788363391e-01
7.525827999027224768e-01 1.119871781476717010e-01
7.438912329669762347e-01 2.267334602656687070e-01
1.233391624176968238e-01 2.575950918007626211e-01
8.086226145204307436e-02 2.082120516193362303e-01
1.318017412206176631e-02 8.380953564992581206e-02
2.095774410810839761e-01 5.140989173138049706e-02
4.733751421077055932e-01 1.763176778883998319e-01
2.794912238387171066e-01 3.551812857082086716e-01
2.264670530960920247e-01 1.578223126019667744e-02
2.657004728640823821e-01 4.628655488885202729e-02
5.528756585362059051e-01 3.200131197443645270e-02
8.158093795815861693e-01 1.615177636539075756e-01
1.984581604412387623e-01 1.929835430326909407e-01
6.276980692362129632e-01 3.680228485519239090e-01
5.050813449733759786e-01 3.080975546968359180e-01
6.310468453458513149e-01 1.242361002333567388e-01
4.765867090624051894e-01 2.893551492613639642e-01
5.215066554403546828e-02 3.714051991314272771e-01
6.636335058548883947e-02 4.937478311454231994e-01
1.981236280114184733e-02 8.699457980874467644e-01
5.372696932964118877e-02 8.824287559892182164e-01
1.137703561724018042e-01 5.212280098934068961e-01
1.588776849191532170e-01 5.322369095145451645e-01
2.605510149678251786e-01 3.588122978907097860e-01
7.997472016742634970e-02 7.229293106828037496e-01
6.879756673159223568e-03 8.286042201730313694e-01
8.863894067185180969e-02 4.039734848457635086e-01
5.443465917781441510e-01 1.598653511928500026e-01
3.714894583434072972e-01 5.513649647832830070e-02
6.419279884180044693e-01 1.040705961498223087e-01
1.590070576174169581e-01 1.698329693470166102e-01
3.032857714244151515e-01 2.871290728908011958e-01
7.429409977650568431e-01 1.380220512661523014e-02
5.180850538722572285e-01 4.011631079183393400e-02
7.694472037407339426e-01 1.445306513758563005e-01
7.725068937952453973e-01 1.260932176186526921e-01
1.662705062113276622e-01 1.550370845011855570e-01
4.129913037398199593e-01 1.827524248211784275e-02
7.613430995307833848e-01 8.098310701362104735e-02
6.788081068213989155e-01 1.454722326717360348e-01
4.241369979519482580e-01 1.163634296109098271e-01
4.803433448572552167e-01 1.155188745215781632e-01
6.561321146668178672e-01 2.651155421207143092e-01
2.319089498188428022e-01 7.760313984607192239e-03
8.412378895518499156e-02 2.176494302879057874e-01
5.527736820451414901e-02 2.011666421751339418e-01
1.717511969333919974e-01 7.223768657524395342e-01
5.489773488325123685e-01 3.683905636379600779e-01
2.435163282753330383e-01 3.433526756597616858e-01
2.632065068528246510e-01 2.296517727237186723e-01
4.686348748209647752e-01 2.188495500329893373e-01
6.735523489372223782e-01 1.008128353313197945e-01
6.165128390341593212e-01 1.460906313440183124e-01
2.527320650992492812e-02 4.705336179134952390e-01
7.124880232410145398e-02 6.596565579764460674e-01
2.864666123465905989e-02 5.814114340119188595e-01
2.420555039389963026e-01 4.343656068258684444e-01
4.840973375995891170e-02 5.132223455578250881e-01
3.327373182334784074e-01 1.998405864185641145e-01
4.118538203436714618e-01 2.201587326439314873e-01
1.289809176091240572e-01 8.170928545119123809e-01
1.121416361270840822e-01 5.878700766903923736e-01
1.163345378683033893e-02 2.871629595971822990e-01
3.445145879017805779e-01 4.658119889168472749e-01
4.056717608571280831e-01 3.814229435040995542e-01
2.954157289094117012e-01 5.187664885088545397e-01
9.978492654346596269e-02 5.454144537625940092e-01
5.282101775503850183e-02 4.961497964272839623e-01
1.420711434683683827e-01 3.757462899042626758e-01
2.091311582466600094e-01 2.094881993797655384e-01
3.157217207040480256e-01 2.738248202106515761e-01
5.534761571982260708e-01 1.956849977851884137e-01
1.610822321149671943e-01 6.347299830914666652e-01
5.476360449954987830e-01 2.882333171236717284e-01
2.587149597714378246e-01 3.935217447518271072e-01
6.166224607700276916e-03 4.252010541259050869e-01
3.540621113742198345e-01 2.257095564468445670e-01
5.385396744804934466e-01 4.630011779890563783e-02
2.458681854326034699e-01 1.591430317430378993e-01
6.573398607664746596e-01 5.180443482470153960e-03
6.397065030521780216e-01 1.134681476539396716e-01
2.781866564045919477e-01 2.853038952485075219e-01
2.252221709782716852e-01 4.319454478255138619e-01
5.079114741212733541e-01 9.893065787088572982e-02
9.916836423843462534e-01 3.327238165789517255e-03
9.519438949217439161e-01 4.257340054192286505e-02
6.852778879792831290e-02 3.320176486655830317e-01
2.719653202851839424e-01 2.595016275845602460e-01
3.157137632596391796e-01 2.028560895561904998e-01
5.409776994370276704e-01 5.531576070561314284e-02
6.574933358733305866e-01 8.161238337589873937e-02
6.676563181753808474e-01 2.640595743646582672e-01
3.529476986301431363e-01 5.685268469864680485e-01
1.463860613871704186e-01 6.990337398457858731e-01
1.519731335310511300e-01 7.331464703103887093e-01
4.235663933279977811e-01 1.411634079806048936e-01
6.754412813271848393e-01 1.244289234219216056e-01
5.152467823432961280e-01 3.405701191531416150e-01
1.909537623582113763e-01 2.911426494091051698e-02
5.644495898515466958e-01 2.625999365892055515e-01
6.381556044388425608e-01 1.689222577915783230e-01
8.259671113432920375e-02 6.487073896467345779e-01
5.290777702718660880e-01 4.802955917777218531e-02
5.109881811383344408e-01 4.833133879157897050e-01
1.908881825136639065e-01 3.160550696434787366e-01
3.948265767683692973e-01 3.701328080991369562e-01
8.806429345866084724e-02 4.739564208544626567e-01
4.176623296011433006e-01 5.767703679169997599e-01
2.551396736871825444e-01 4.861864273860226904e-01
1.510407853070202255e-01 6.804776806930090682e-01
2.443374565858191239e-01 4.921364538713391967e-01
7.164954455519898513e-01 7.800873156325371927e-02
3.509520204252286057e-01 1.849560712769142690e-01
2.363986401322266950e-01 1.277575690790100915e-01
2.588899627101947098e-01 1.930585920596976091e-01
6.652288617403385729e-01 1.824948981239413737e-01
6.975251193535628724e-01 2.210349572107129235e-01
8.031110622925884401e-01 4.345585996895079406e-03
4.676583283913149924e-01 8.959648984601120691e-02
5.413045931246907028e-01 1.406256507071626527e-01
3.455682641985693415e-01 5.633081194726543561e-01
1.900972194839155582e-01 3.802158527752853567e-01
8.031286220580433621e-01 1.218311429278489122e-01
5.168610260123462918e-01 3.070555912988237046e-01
5.029431498925196475e-02 5.070739635974019777e-01
4.707267943496806217e-01 4.385531048978947855e-01
4.880553997696597812e-01 5.018630035570613712e-01
7.037794391561434937e-01 1.765972785604748019e-01
6.459482855282194791e-04 5.569548672011654933e-01
4.996490359881333720e-02 1.013883524068719955e-01
6.150219104373063628e-01 1.611128294883877043e-01
4.159802017840646404e-01 3.082061049757478521e-01
5.415739013587762551e-01 2.278699721305354475e-01
5.681187847582701567e-01 1.970474413100517241e-01
4.720182944429556771e-01 3.033307919574167455e-01
7.331943556390039252e-01 6.006197167983623464e-02
5.082071097040615770e-01 1.414147140625862109e-01
6.911508903864025388e-01 1.924336806659535104e-01
1.728174254163195034e-02 8.030715257812104380e-01
4.751560625605187327e-01 4.081284642220256997e-01
2.272963425361251288e-01 3.765442492030641186e-01
4.051172938485052555e-01 4.563237618868787315e-03
4.909189566243367109e-01 2.344692596511716021e-01
7.055687419246825520e-01 5.881924112711156560e-03
2.182762152043329351e-01 2.609235989371065934e-01
2.471193416697148315e-01 4.548414260868182124e-01
3.270488567761672405e-01 4.777116131992928394e-01
3.165482849564134615e-01 5.545765709239995900e-01
1.419180822760989780e-01 9.979882692952224410e-02
3.955480208484034588e-01 5.267750160993122099e-01
4.592677575663347000e-01 2.668023078849384166e-01
3.952641359646655861e-01 3.945918543190365391e-01
1.633577624349619173e-01 5.427636070346365527e-01
2.828546379523293464e-01 2.698561044267727138e-01
1.074880292507118806e-02 8.072459812782215582e-01
4.070547172521802315e-01 3.667726081050207698e-01
6.423430522192201675e-01 2.331452297916658256e-01
6.487447701094239960e-02 8.082693200295858471e-01
3.235488302302061969e-01 8.145952472271689171e-02
5.628792832569817772e-01 2.458673291460502508e-01
7.897126289849841774e-01 2.041995030966174129e-01
2.526385707919210910e-01 7.256472377190468226e-01
2.348677012718118629e-01 5.956811171767626423e-01
3.054309398569067246e-01 4.813470583427066907e-01
1.608804613232304725e-01 5.373629012536813576e-01
4.117161869127700102e-02 3.266950718907045692e-01
2.177993958331900515e-01 1.228010607195638981e-01
1.027553599400885254e-01 2.489600571354205760e-02
1.543430559877488895e-01 1.887572941014278027e-01
5.455090711691386041e-01 1.652659146340086926e-01
4.534620290084312444e-02 3.699038369231363310e-01
5.028544621809718507e-01 4.369878851100191808e-01
5.020636404543367126e-01 1.948224152989136149e-01
5.252249859828789225e-01 2.785187175727632525e-01
7.458917148485066928e-01 1.353599919313853428e-01
7.007165343958864367e-01 9.934188579478281378e-03
6.398803214084495261e-01 2.955965302216616575e-01
2.754772028620404156e-01 2.505669785146305562e-01
2.983491869596046620e-01 2.762553363185973887e-01
1.669149391629483892e-01 5.273486879369618241e-02
4.196373198116665204e-01 1.910989407362977816e-02
5.981907278605760325e-01 2.015747564694456706e-01
6.943578248031405664e-01 2.330518041940879415e-01
3.352743700106269320e-01 6.179709424696030462e-01
5.099495994728506787e-01 3.625962859759369050e-01
9.230519825030164549e-02 5.310315950293966747e-01
1.625647543545805096e-02 3.138063476685287734e-01
7.147356717222737021e-01 2.018176217998421951e-01
4.470516865642432114e-01 1.123146455363566720e-01
3.728483856113020689e-01 4.813665355833213200e-01
7.382294885943291307e-02 5.219870825611704346e-01
3.953930342329896597e-01 5.965172142572523484e-01
3.965848349750817348e-01 4.514870908836922103e-01
7.737496200935720658e-01 1.357156280452207486e-01
5.191715925210087512e-01 2.334024853107014574e-01
3.791357993215296318e-01 4.253243908095417081e-01
3.808873523336009370e-02 4.074425748300155026e-01
3.708126142254212221e-01 3.706921951682064509e-01
2.190699854975930172e-01 1.756711690731115882e-01
3.734696009073902312e-01 5.843226066651554529e-01
8.097727256509651417e-02 7.446302155721140625e-01
2.634074053176902463e-01 6.653277868560251163e-01
6.007573399613928000e-01 2.120526272814453050e-01
1.940739752776503013e-01 2.293910858502586914e-01
2.851460775399661252e-01 5.750989800447821043e-01
6.801318295320146756e-02 6.892369517668217593e-01
1.549752873480830795e-02 3.162580846539184698e-01
2.340112047220187785e-01 2.702844081019806777e-01
2.738039413961175228e-01 2.131320867168774724e-01
6.617593533603904898e-02 3.995212901402837580e-01
3.559660564589575138e-01 5.790761438402634020e-01
2.025998337577128994e-01 6.630481380581583206e-01
7.818246675992393535e-02 8.509761445842279892e-01
3.648979944765092798e-01 6.299591957891266247e-01
2.983437336675641149e-01 6.899042697619196529e-01
4.098954025478827590e-01 5.662708584606297446e-01
2.964417291448769864e-01 1.437661359040478537e-01
4.033185991423108296e-01 1.010218870365648947e-01
4.073157910194996623e-02 2.664629040495850587e-01
2.093653439755385759e-01 3.622080249207246250e-02
1.535005600707419204e-01 6.483111980446326639e-02
3.655146784820106354e-01 1.529500687141166493e-03
2.989225518588911612e-02 1.037289762749292465e-01
3.631027369330072641e-02 2.453647868825135081e-01
9.815004324323288454e-02 2.210448383656721805e-01
1.107192176357707086e-01 3.635073367048076154e-01
9.936055592802396641e-02 2.981773694336671277e-01
4.022266809457338832e-01 1.230968613657683619e-01
5.827313299101096744e-01 2.877944884604455855e-01
3.063225174692554842e-01 2.967421000377397089e-01
6.951503327926695786e-01 2.276155382973837904e-02
2.152165667486720668e-01 1.000498529479698501e-01
7.557416810244393934e-02 8.242200350488457228e-02
2.793374595327525745e-01 1.541190331653331247e-01
2.621770933886149457e-01 2.933256021937418745e-01
3.208473703165463098e-01 3.694868601729781044e-01
4.834060154446369051e-01 2.092282736438481616e-01
5.976620660667395502e-01 2.495580610818057543e-01
4.191388981765562516e-01 2.308105695548864633e-01
6.201118587170106888e-01 2.861540844665417249e-01
2.543020053454386198e-01 2.881614113136202748e-01
6.542960499360785942e-01 2.555899038303893755e-01
5.148558540801587702e-01 7.550391854436316885e-03
3.092120666377400906e-01 2.822071708346721719e-01
2.204876175779745262e-01 7.424523304372859789e-02
5.170863972623012117e-01 3.929650654028848389e-01
7.983013635614164549e-01 6.174955765044215505e-02
4.690293099569247670e-01 4.303687953478181893e-01
4.143750392612982614e-01 3.510048590106227828e-01
4.474166361523753688e-01 5.051586883172729525e-01
3.952846572992622098e-01 2.133888484755590009e-01
4.565529430605724248e-01 2.385304059429203816e-01
3.552203919488202133e-01 4.614581195590514162e-01
2.436259319590663164e-01 5.925074093398261521e-01
6.728088555655800107e-01 9.696361286235505306e-02
6.695115996111830059e-01 3.290529674512994163e-01
8.251212780581067552e-01 8.924511198609830220e-02
9.466516523790666771e-01 4.196085089492013892e-02
8.722452077783485747e-01 1.276901846614480682e-02
2.373278246759347176e-01 4.977282781780771326e-01
3.299331620696455136e-03 2.559362779764653428e-01
2.415032187767723881e-02 1.948805420096172414e-02
2.576275520869133473e-01 2.198235286845499903e-01
4.864679420291049827e-01 1.396923766925041166e-01
5.026511261356365612e-01 1.436750299735558289e-01
1.890706643632252271e-01 2.492746933291358213e-01
2.810336261926540957e-01 3.192060278232317638e-01
4.867533602383563585e-01 3.535944941071699210e-01
3.896770814186558685e-01 4.736764710934087685e-01
6.398398167636322187e-01 2.943832167935348521e-01
6.495336191325018493e-01 2.696956632484027172e-01
5.929709946229634321e-01 5.931039749932567884e-02
5.270980330414256620e-01 3.561482018680979245e-01
1.016538371104826477e-01 6.798245128570276075e-01
4.499985210284351833e-02 1.917995178615479746e-01
5.098570686794483553e-01 1.254463403783773745e-01
6.837905333154731258e-01 1.315249761566395503e-01
3.514207240940745436e-01 1.889145250768106132e-01
2.764547141964501797e-03 4.929499408349392597e-01
5.998637301118783793e-02 4.153191555171551475e-01
3.153304482055910851e-01 3.479183255867092095e-01
4.282743809805639179e-02 6.679334299262285057e-01
2.030733987606598567e-01 7.758447220808389888e-01
3.291439340109759693e-01 2.543733065018629613e-01
2.508297707210244143e-02 1.532634479566167829e-01
5.263320952413463871e-01 2.429603257577908348e-01
4.864702670719434630e-01 1.613951078848249177e-01
3.797675593971927555e-01 4.551952288166946636e-01
5.169689168310753757e-01 2.845099858811549476e-01
4.688972208928363639e-01 3.250213390396249347e-01
3.393527347895827218e-01 4.588695068851970649e-01
5.682575694383680265e-01 2.816836953119644105e-01
6.708271729163738373e-01 8.391308984230894108e-02
3.222211216487300689e-01 3.156952709833696913e-01
7.391160439996657949e-03 5.486498094233144274e-01
5.277469039350707325e-02 2.831345199103645904e-01
3.890263305119358028e-01 3.712771467820005777e-01
5.052528805218647889e-02 3.204215584478941614e-01
4.043571996489520037e-01 3.678562081819577445e-01
2.309939249783525272e-01 2.795544410903708088e-01
1.882846600688383998e-01 6.666842855342312024e-01
3.340605103947735799e-02 6.388494724052755647e-01
1.564333162889767759e-01 5.657807228308524561e-01
3.238618806280708640e-01 3.546872779400446762e-01
1.283574192385894541e-02 7.047023650185559873e-01
3.397359022330619371e-01 6.014966372292875896e-01
5.537316563593922547e-01 3.089038189344604501e-01
4.831285815125586636e-01 8.975701435379726534e-02
7.662644048908282546e-01 1.658553311758123594e-01
7.609320276373001679e-01 1.239557221734016862e-01
5.234137121214498256e-01 2.866298582434129161e-02
1.548706394349669835e-01 4.708799930038545800e-02
3.356099295982867270e-01 1.526398068250339191e-01
1.256644254100049984e-01 4.925996972789360995e-01
2.600489081179929718e-01 3.026622815821348178e-01
8.223492988142860893e-02 2.118065627868552514e-01
6.687311840419682962e-01 1.451660320155231942e-01
2.333502373765260485e-01 5.978529980528081433e-02
7.638987621689452556e-02 8.727046937401224114e-02
1.653776664252522288e-02 2.287017204423534844e-01
1.490853291548781545e-01 2.823901947925408495e-01
4.756567787956355042e-01 8.334236218157078935e-02
2.702697272621050195e-01 1.568094264686567541e-01
9.614346321213768087e-02 3.226462649372875413e-01
9.359143661272961712e-02 3.522234923607538426e-01
1.933343642582624478e-01 6.102811925583393471e-01
4.721519547660742999e-01 1.338177763337114468e-01
3.512839353270426623e-01 2.829810812479992554e-01
4.726268480046975085e-01 3.305855698949569099e-01
1.407602125540582394e-01 5.819372753793221609e-01
3.830863607121114400e-01 4.178680270027488319e-01
6.548844197791938715e-01 1.846609450061335311e-01
6.987753283698461271e-02 4.881364777541264965e-01
6.135271177853791613e-01 1.801984948174793488e-01
2.874219435041264203e-01 3.907833751302591252e-01
5.661161019673810468e-01 1.427937750303714948e-01
4.678304587292325678e-02 5.989917458246382109e-01
1.702110150322673765e-01 6.619413362450636829e-01
1.879517527878729888e-01 4.548230798405857866e-01
2.802766342187279491e-02 6.339279019167148865e-01
7.186842612129498709e-02 6.298900015157695709e-01
3.172354427630824647e-01 6.223826659571378705e-01
4.918593456470216063e-01 2.369992019446841014e-01
7.920696803198652436e-01 1.515402731600263841e-01
3.155165467381992328e-01 2.125716043525624488e-01
5.641430162823585226e-01 3.375790999882960497e-01
3.264983707513074984e-01 2.067946256145243022e-01
5.391804354912068664e-01 3.503989632558243694e-02
6.016429495397385141e-01 3.764363806111784005e-02
4.171757437010982783e-01 1.497388337287448579e-01
5.821150371777505939e-02 3.356327837302207628e-01
1.304546905377462762e-01 4.685018646077927507e-01
6.149228319048631874e-01 8.505178070125712919e-02
6.937152436744162820e-01 8.693305247602192698e-02
4.537137950109804141e-01 3.097972246728629697e-01
4.302173264217456494e-01 3.878995410751884254e-02
1.999338379345408367e-01 4.331003404596756035e-02
3.671757254259163661e-01 1.962602959172086436e-01
3.898221742886541774e-01 4.373276293965510653e-01
2.138177984437573675e-01 6.334288062612323245e-01
8.718993341238151507e-01 8.148245112498608833e-02
5.802599261801981712e-01 3.086185599423342807e-01
3.744456833410566010e-01 1.024604841403183586e-01
5.708248188799324163e-01 3.092269490247062658e-01
7.029636282872020470e-01 1.738585209007392496e-01
7.331267805775738555e-01 1.702254371440296288e-01
3.980397128578821997e-01 3.103173764976456805e-01
1.869441275473575081e-01 2.023788624564787364e-01
2.609902778714822125e-01 2.105164900716965104e-01
3.994470536956857831e-01 5.795861095146254138e-01
2.455789053770587038e-01 6.670468316398510122e-01
7.670496535696980089e-02 3.902571877398765543e-01
3.075899149206814398e-01 1.094396337666313501e-01
3.740751219276395867e-01 6.012387183614941177e-01
2.912042676036603051e-01 3.093517726279088054e-01
3.071781220648773236e-01 3.973973515102393050e-01
2.586950329812315319e-02 4.765053798029191823e-01
1.129543735168560548e-01 8.279124880997807967e-01
1.836896898511392318e-01 6.465888416081451151e-01
4.225680378886517707e-02 6.616536264719760085e-01
7.690139448910567055e-02 8.550457187079385513e-01
1.908526602407820821e-02 9.504452296472798434e-01
5.012591039040217300e-01 4.475559040846899261e-02
3.136062725522782424e-01 1.618052057475539152e-01
2.644676691870380125e-01 9.626071268405470005e-02
3.867598706571707678e-01 7.673888072897210033e-02
1.604597571295432734e-01 3.014634469342732381e-01
3.421795494048845976e-01 6.208347480782554495e-01
2.353922451779295044e-01 5.270317216472104604e-01
2.828171882626009381e-01 1.845415739535839483e-01
2.085243611526852725e-01 2.629568645411591299e-01
4.213007439171589930e-01 4.473694953120452289e-01
2.899189555915883676e-01 1.516503681817316096e-02
6.964181822727688598e-01 9.484832447250177156e-02
3.763610233508914438e-01 5.840958328757841489e-01
7.111833512665310941e-03 8.518673736110810024e-01
1.387212422622305374e-01 7.957864415836123362e-01
5.692163295709462556e-01 2.172008735321248052e-01
6.155099249133156869e-01 1.478170027873183245e-01
3.485290939135786692e-01 2.430543259531588729e-01
3.717001234277872435e-02 3.423132887852874395e-01
2.554004498137846801e-01 4.381711717947017748e-02
5.330908212499829713e-01 1.198004126204934433e-01
2.423038289018242253e-03 9.037509776171382958e-01
1.512186057005371620e-01 6.936979661147730791e-01
3.610431012206454793e-01 3.669482798780435706e-01
2.240870269353922861e-01 2.992291095961254754e-01
4.288325976043745325e-01 2.473569904931061103e-02
1.721268630947050404e-01 6.441134189824317957e-01
2.488082286498681517e-01 3.922722682520521920e-01
1.987079818547676791e-01 4.603367436939149737e-01
1.249061527954303807e-02 2.910604169131829622e-01
4.261410289196186640e-02 2.640006775359285407e-01
2.221369487153585509e-01 5.325756726984232081e-01
1.738016839266722513e-01 6.438495179899355048e-01
3.518271457150199399e-01 4.344034317180118787e-01
3.390750548680220300e-01 1.059815245820627805e-01
6.329624804232415469e-01 2.192345537126855204e-01
6.679861068841408400e-01 1.716597942145292599e-01
6.046182929741032996e-01 1.821180609590815902e-01
4.386925687761053516e-01 4.729109435878767753e-01
6.278780216534582959e-01 2.730347505190326984e-01
3.936004478314664712e-01 1.770603555598408707e-01
2.217845843842698728e-01 2.450125396645305709e-01
1.092149334499138008e-01 1.298956727964202806e-01
4.800714331876516916e-02 7.671096841912561359e-01
6.231002438466710924e-02 5.838046348291014986e-01
4.329158740282235684e-01 2.076284724606114462e-01
5.636535814861888261e-01 4.043695153471260628e-01
3.605096287871281113e-01 3.904866643818636351e-01
7.837796196098084645e-02 3.814453000578529873e-01
1.143519010742195530e-01 7.349161426822119481e-01
1.579113230904663212e-01 6.685227515236448204e-01
4.154408479153386402e-01 1.060478281069354711e-01
1.746370620847803035e-01 4.183254845305368064e-01
5.560382518076310010e-01 3.575525002822660392e-01
8.347672291275507472e-01 1.401066273176237442e-01
2.521355836820133867e-01 4.229209558597136209e-01
1.518185228524404906e-01 5.946421855747547891e-01
1.158383305986395301e-01 8.546756648294736580e-01
1.944952876546853782e-01 6.547172987185254645e-01
1.068330138576426697e-01 5.245900202210012075e-01
4.322168467988511398e-01 5.298083380921041474e-01
5.094500532035505236e-01 4.884504613916057503e-02
1.450136396883504597e-01 3.348297061879095815e-01
2.118418887008114426e-01 3.686111037851196870e-01
7.134756132524161520e-02 4.912282693057196115e-01
2.855660264216322020e-01 8.009454434716112292e-02
3.557565896770306102e-01 2.765998952770822861e-01
6.935284458147162878e-01 2.580781560418282661e-02
4.259138653282855125e-01 3.488111337401176848e-01
2.934261350460709572e-03 7.610628770637966056e-01
3.283850707179236106e-01 1.956638859627085614e-01
4.497232352848475334e-01 3.763376903394988204e-01
5.685404469272117289e-01 3.306127479721804319e-01
5.642250238022128439e-01 4.264147663053732829e-01
5.911390390543296292e-01 8.674065170599881691e-02
2.549126153926941640e-01 3.483819947702560538e-01
2.514866960565211862e-01 2.678245284381637337e-01
3.793092207966579088e-01 2.099958994244941479e-01
1.666056446297623506e-01 8.641480580675356404e-02
1.792990608660484930e-01 5.875501195930295240e-02
3.568285591765573139e-01 1.001272091144856241e-01
5.086225055852418020e-01 2.024288411077248551e-01
6.994428657777516101e-01 2.113070900920614448e-01
3.113504558491074214e-01 3.401150933118428643e-01
8.366697447928245213e-02 4.838111504579106770e-02
1.998488892300518960e-01 3.204987914939479432e-01
5.555258631591486473e-02 5.867064664263587082e-01
8.557794095104355181e-01 1.382893739012836520e-01
3.142118454928692906e-01 1.790860801239337052e-01
4.628921201811898589e-01 1.718738373991169355e-01
8.575231215159112574e-02 2.597503325335773772e-01
6.020006569899614968e-02 4.709034382972036026e-01
1.099620932962772080e-03 8.684527145946724369e-02
1.151068779346112042e-01 6.245184397306458024e-01
3.055130584413098260e-01 3.512994731555436068e-01
1.759028714223483947e-01 7.081411537540612811e-01
6.955062079607032821e-02 6.630508619713375573e-01
3.260642179852198952e-01 5.643706032790190008e-01
7.506616192707762369e-01 7.908967889430978948e-02
3.267027687056316410e-01 3.655435577289380400e-01
2.267051544205278824e-01 4.018258061027831229e-01
3.833358308730353547e-01 5.150767698775110537e-02
1.254043926786776453e-01 3.080301189442281595e-01
4.546597302317562095e-02 3.540108562568346495e-01
4.115150664704653738e-01 2.445219219334226757e-01
